# SVO FPS CTIO/DECam.Y; DetectorType 1 (0 energy, 1 photon counter); ZeroPoint 2123.7588815129 Jy (Pogson); lambda_eff 9886.452082478 A
# wavelength_A  transmission
9300.00 0.000000e+00
9305.00 2.620000e-03
9310.00 5.020000e-03
9315.00 5.100000e-03
9320.00 4.930000e-03
9325.00 5.030000e-03
9330.00 5.350000e-03
9335.00 5.540000e-03
9340.00 5.240000e-03
9345.00 5.280000e-03
9350.00 6.350000e-03
9355.00 7.020000e-03
9360.00 7.180000e-03
9365.00 7.730000e-03
9370.00 7.970000e-03
9375.00 9.110000e-03
9380.00 9.970000e-03
9385.00 1.083000e-02
9390.00 1.294000e-02
9395.00 1.602000e-02
9400.00 1.742000e-02
9405.00 1.802000e-02
9410.00 1.937000e-02
9415.00 2.298000e-02
9420.00 2.579000e-02
9425.00 2.629000e-02
9430.00 2.696000e-02
9435.00 3.461000e-02
9440.00 3.879000e-02
9445.00 4.279000e-02
9450.00 5.417000e-02
9455.00 5.597000e-02
9460.00 5.337000e-02
9465.00 8.182000e-02
9470.00 1.158300e-01
9475.00 1.165500e-01
9480.00 1.088500e-01
9485.00 1.636600e-01
9490.00 2.403900e-01
9495.00 2.293100e-01
9500.00 2.125500e-01
9505.00 3.027600e-01
9510.00 4.218300e-01
9515.00 4.564100e-01
9520.00 4.408800e-01
9525.00 4.617800e-01
9530.00 5.330000e-01
9535.00 5.744700e-01
9540.00 6.004600e-01
9545.00 6.112400e-01
9550.00 6.359600e-01
9555.00 6.314800e-01
9560.00 6.265100e-01
9565.00 6.343200e-01
9570.00 6.466600e-01
9575.00 6.942600e-01
9580.00 6.991800e-01
9585.00 6.775600e-01
9590.00 6.591200e-01
9595.00 6.457200e-01
9600.00 6.695200e-01
9605.00 6.897000e-01
9610.00 7.037100e-01
9615.00 7.176300e-01
9620.00 7.015100e-01
9625.00 6.730300e-01
9630.00 6.955000e-01
9635.00 7.173000e-01
9640.00 7.082800e-01
9645.00 7.082400e-01
9650.00 7.200500e-01
9655.00 7.385800e-01
9660.00 7.253900e-01
9665.00 6.991900e-01
9670.00 7.099000e-01
9675.00 7.551800e-01
9680.00 7.692400e-01
9685.00 7.544500e-01
9690.00 7.621600e-01
9695.00 7.704400e-01
9700.00 7.625800e-01
9705.00 7.584700e-01
9710.00 7.652100e-01
9715.00 7.546900e-01
9720.00 7.483900e-01
9725.00 7.435300e-01
9730.00 7.317700e-01
9735.00 7.232500e-01
9740.00 7.186100e-01
9745.00 7.093900e-01
9750.00 7.012100e-01
9755.00 7.016400e-01
9760.00 6.968800e-01
9765.00 7.013600e-01
9770.00 7.165600e-01
9775.00 7.215800e-01
9780.00 7.125600e-01
9785.00 7.058900e-01
9790.00 7.025200e-01
9795.00 6.977500e-01
9800.00 6.991000e-01
9805.00 7.007800e-01
9810.00 7.133800e-01
9815.00 7.150500e-01
9820.00 7.096600e-01
9825.00 7.028500e-01
9830.00 6.990800e-01
9835.00 7.039600e-01
9840.00 7.056200e-01
9845.00 6.991500e-01
9850.00 6.922900e-01
9855.00 6.926400e-01
9860.00 6.944300e-01
9865.00 6.922000e-01
9870.00 6.874100e-01
9875.00 6.816900e-01
9880.00 6.785100e-01
9885.00 6.757900e-01
9890.00 6.717000e-01
9895.00 6.668100e-01
9900.00 6.617200e-01
9905.00 6.579700e-01
9910.00 6.544700e-01
9915.00 6.500500e-01
9920.00 6.455500e-01
9925.00 6.404700e-01
9930.00 6.350800e-01
9935.00 6.317500e-01
9940.00 6.286700e-01
9945.00 6.250700e-01
9950.00 6.212800e-01
9955.00 6.164300e-01
9960.00 6.117600e-01
9965.00 6.070900e-01
9970.00 6.023000e-01
9975.00 5.977200e-01
9980.00 5.930900e-01
9985.00 5.885100e-01
9990.00 5.838700e-01
9995.00 5.785800e-01
10000.00 5.735200e-01
10005.00 5.688000e-01
10010.00 5.636200e-01
10015.00 5.573400e-01
10020.00 5.510100e-01
10025.00 5.462400e-01
10030.00 5.417900e-01
10035.00 5.363100e-01
10040.00 5.303000e-01
10045.00 5.246600e-01
10050.00 5.191200e-01
10055.00 5.137900e-01
10060.00 5.086500e-01
10065.00 5.034100e-01
10070.00 4.981700e-01
10075.00 4.922600e-01
10080.00 4.862600e-01
10085.00 4.803100e-01
10090.00 4.740400e-01
10095.00 4.674900e-01
10100.00 4.618400e-01
10105.00 4.564500e-01
10110.00 4.507300e-01
10115.00 4.453000e-01
10120.00 4.397300e-01
10125.00 4.345200e-01
10130.00 4.293900e-01
10135.00 4.236700e-01
10140.00 4.178700e-01
10145.00 4.120300e-01
10150.00 4.063200e-01
10155.00 4.008600e-01
10160.00 3.953900e-01
10165.00 3.899700e-01
10170.00 3.843900e-01
10175.00 3.785800e-01
10180.00 3.728800e-01
10185.00 3.669500e-01
10190.00 3.607000e-01
10195.00 3.550700e-01
10200.00 3.498900e-01
10205.00 3.445400e-01
10210.00 3.390700e-01
10215.00 3.335000e-01
10220.00 3.278900e-01
10225.00 3.223500e-01
10230.00 3.166900e-01
10235.00 3.109600e-01
10240.00 3.053000e-01
10245.00 3.000400e-01
10250.00 2.947100e-01
10255.00 2.895400e-01
10260.00 2.844200e-01
10265.00 2.793200e-01
10270.00 2.741200e-01
10275.00 2.693900e-01
10280.00 2.648300e-01
10285.00 2.602700e-01
10290.00 2.556300e-01
10295.00 2.505800e-01
10300.00 2.455100e-01
10305.00 2.403800e-01
10310.00 2.352400e-01
10315.00 2.301900e-01
10320.00 2.251800e-01
10325.00 2.201600e-01
10330.00 2.151100e-01
10335.00 2.093500e-01
10340.00 2.036400e-01
10345.00 1.979000e-01
10350.00 1.921600e-01
10355.00 1.861600e-01
10360.00 1.801500e-01
10365.00 1.741400e-01
10370.00 1.681500e-01
10375.00 1.647100e-01
10380.00 1.613000e-01
10385.00 1.578600e-01
10390.00 1.544100e-01
10395.00 1.521400e-01
10400.00 1.498600e-01
10405.00 1.475900e-01
10410.00 1.453100e-01
10415.00 1.432600e-01
10420.00 1.412000e-01
10425.00 1.391500e-01
10430.00 1.371100e-01
10435.00 1.350200e-01
10440.00 1.329500e-01
10445.00 1.308600e-01
10450.00 1.287700e-01
10455.00 1.267300e-01
10460.00 1.247100e-01
10465.00 1.226800e-01
10470.00 1.206700e-01
10475.00 1.188100e-01
10480.00 1.169500e-01
10485.00 1.150700e-01
10490.00 1.131600e-01
10495.00 1.110400e-01
10500.00 1.089500e-01
10505.00 1.068800e-01
10510.00 1.047900e-01
10515.00 1.032600e-01
10520.00 1.017200e-01
10525.00 1.001800e-01
10530.00 9.865000e-02
10535.00 9.754000e-02
10540.00 9.642000e-02
10545.00 9.531000e-02
10550.00 9.418000e-02
10555.00 9.342000e-02
10560.00 9.266000e-02
10565.00 9.189000e-02
10570.00 9.113000e-02
10575.00 9.005000e-02
10580.00 8.897000e-02
10585.00 8.789000e-02
10590.00 8.683000e-02
10595.00 8.432000e-02
10600.00 8.183000e-02
10605.00 7.934000e-02
10610.00 7.684000e-02
10615.00 7.184000e-02
10620.00 6.683000e-02
10625.00 6.183000e-02
10630.00 5.684000e-02
10635.00 5.083000e-02
10640.00 4.482000e-02
10645.00 3.883000e-02
10650.00 3.284000e-02
10655.00 2.834000e-02
10660.00 2.386000e-02
10665.00 1.937000e-02
10670.00 1.488000e-02
10675.00 1.260000e-02
10680.00 1.033000e-02
10685.00 8.060000e-03
10690.00 5.790000e-03
10695.00 2.900000e-03
10700.00 0.000000e+00
