# SVO FPS CTIO/DECam.g; DetectorType 1 (0 energy, 1 photon counter); ZeroPoint 3976.8802816514 Jy (Pogson); lambda_eff 4769.904356111 A
# wavelength_A  transmission
3815.00 5.400000e-04
3820.00 6.000000e-04
3825.00 6.000000e-04
3830.00 6.000000e-04
3835.00 7.000000e-04
3840.00 7.900000e-04
3845.00 8.700000e-04
3850.00 9.500000e-04
3855.00 1.030000e-03
3860.00 1.110000e-03
3865.00 1.230000e-03
3870.00 1.350000e-03
3875.00 1.470000e-03
3880.00 1.590000e-03
3885.00 1.780000e-03
3890.00 1.980000e-03
3895.00 2.180000e-03
3900.00 2.380000e-03
3905.00 2.370000e-03
3910.00 2.350000e-03
3915.00 3.340000e-03
3920.00 4.340000e-03
3925.00 6.590000e-03
3930.00 8.850000e-03
3935.00 1.112000e-02
3940.00 1.341000e-02
3945.00 1.368000e-02
3950.00 1.396000e-02
3955.00 4.649000e-02
3960.00 7.916000e-02
3965.00 1.134900e-01
3970.00 1.479200e-01
3975.00 1.824500e-01
3980.00 2.171000e-01
3985.00 2.170200e-01
3990.00 2.170200e-01
3995.00 2.294600e-01
4000.00 2.419600e-01
4005.00 2.478200e-01
4010.00 2.537700e-01
4015.00 2.597000e-01
4020.00 2.657000e-01
4025.00 2.678100e-01
4030.00 2.698900e-01
4035.00 2.721800e-01
4040.00 2.744700e-01
4045.00 2.751800e-01
4050.00 2.758900e-01
4055.00 2.791800e-01
4060.00 2.825500e-01
4065.00 2.845300e-01
4070.00 2.864500e-01
4075.00 2.907400e-01
4080.00 2.949400e-01
4085.00 2.956800e-01
4090.00 2.964500e-01
4095.00 2.990400e-01
4100.00 3.015800e-01
4105.00 3.034300e-01
4110.00 3.053000e-01
4115.00 3.072100e-01
4120.00 3.090600e-01
4125.00 3.104700e-01
4130.00 3.118500e-01
4135.00 3.142700e-01
4140.00 3.168100e-01
4145.00 3.183500e-01
4150.00 3.198600e-01
4155.00 3.248100e-01
4160.00 3.297000e-01
4165.00 3.327100e-01
4170.00 3.356500e-01
4175.00 3.386000e-01
4180.00 3.416000e-01
4185.00 3.425500e-01
4190.00 3.435700e-01
4195.00 3.442300e-01
4200.00 3.448500e-01
4205.00 3.455800e-01
4210.00 3.463000e-01
4215.00 3.487000e-01
4220.00 3.511100e-01
4225.00 3.518100e-01
4230.00 3.525100e-01
4235.00 3.584700e-01
4240.00 3.643700e-01
4245.00 3.663800e-01
4250.00 3.685800e-01
4255.00 3.708300e-01
4260.00 3.729600e-01
4265.00 3.747400e-01
4270.00 3.764500e-01
4275.00 3.804200e-01
4280.00 3.844600e-01
4285.00 3.851400e-01
4290.00 3.857700e-01
4295.00 3.901000e-01
4300.00 3.942900e-01
4305.00 3.959100e-01
4310.00 3.976500e-01
4315.00 3.994700e-01
4320.00 4.013800e-01
4325.00 4.036300e-01
4330.00 4.057200e-01
4335.00 4.077300e-01
4340.00 4.098700e-01
4345.00 4.123700e-01
4350.00 4.147700e-01
4355.00 4.174000e-01
4360.00 4.201100e-01
4365.00 4.224600e-01
4370.00 4.248000e-01
4375.00 4.271600e-01
4380.00 4.292500e-01
4385.00 4.319800e-01
4390.00 4.345700e-01
4395.00 4.374400e-01
4400.00 4.404800e-01
4405.00 4.425900e-01
4410.00 4.446400e-01
4415.00 4.465200e-01
4420.00 4.484400e-01
4425.00 4.500300e-01
4430.00 4.516000e-01
4435.00 4.532700e-01
4440.00 4.548900e-01
4445.00 4.563100e-01
4450.00 4.578200e-01
4455.00 4.595100e-01
4460.00 4.613500e-01
4465.00 4.630400e-01
4470.00 4.645000e-01
4475.00 4.659100e-01
4480.00 4.670500e-01
4485.00 4.685800e-01
4490.00 4.703800e-01
4495.00 4.723800e-01
4500.00 4.742000e-01
4505.00 4.758100e-01
4510.00 4.773900e-01
4515.00 4.789100e-01
4520.00 4.805400e-01
4525.00 4.826200e-01
4530.00 4.847400e-01
4535.00 4.869300e-01
4540.00 4.891600e-01
4545.00 4.904700e-01
4550.00 4.916300e-01
4555.00 4.927300e-01
4560.00 4.939400e-01
4565.00 4.947100e-01
4570.00 4.954800e-01
4575.00 4.962000e-01
4580.00 4.967200e-01
4585.00 4.984900e-01
4590.00 5.004500e-01
4595.00 5.024700e-01
4600.00 5.043900e-01
4605.00 5.062300e-01
4610.00 5.080800e-01
4615.00 5.099700e-01
4620.00 5.120200e-01
4625.00 5.136600e-01
4630.00 5.152100e-01
4635.00 5.166100e-01
4640.00 5.181000e-01
4645.00 5.195100e-01
4650.00 5.209700e-01
4655.00 5.225400e-01
4660.00 5.240100e-01
4665.00 5.244400e-01
4670.00 5.246000e-01
4675.00 5.248300e-01
4680.00 5.251500e-01
4685.00 5.260500e-01
4690.00 5.268900e-01
4695.00 5.277900e-01
4700.00 5.287500e-01
4705.00 5.300600e-01
4710.00 5.314400e-01
4715.00 5.328600e-01
4720.00 5.342400e-01
4725.00 5.361200e-01
4730.00 5.380000e-01
4735.00 5.397700e-01
4740.00 5.414300e-01
4745.00 5.432900e-01
4750.00 5.453600e-01
4755.00 5.474400e-01
4760.00 5.495200e-01
4765.00 5.501700e-01
4770.00 5.507600e-01
4775.00 5.513500e-01
4780.00 5.519000e-01
4785.00 5.523900e-01
4790.00 5.527800e-01
4795.00 5.530400e-01
4800.00 5.535400e-01
4805.00 5.550700e-01
4810.00 5.565400e-01
4815.00 5.580200e-01
4820.00 5.595600e-01
4825.00 5.603900e-01
4830.00 5.612900e-01
4835.00 5.621300e-01
4840.00 5.629800e-01
4845.00 5.630700e-01
4850.00 5.631100e-01
4855.00 5.632000e-01
4860.00 5.632800e-01
4865.00 5.649300e-01
4870.00 5.665800e-01
4875.00 5.679900e-01
4880.00 5.695900e-01
4885.00 5.710700e-01
4890.00 5.727700e-01
4895.00 5.747700e-01
4900.00 5.767000e-01
4905.00 5.776900e-01
4910.00 5.786200e-01
4915.00 5.794900e-01
4920.00 5.803700e-01
4925.00 5.801900e-01
4930.00 5.800800e-01
4935.00 5.799000e-01
4940.00 5.797300e-01
4945.00 5.802200e-01
4950.00 5.807600e-01
4955.00 5.813600e-01
4960.00 5.817900e-01
4965.00 5.839900e-01
4970.00 5.861200e-01
4975.00 5.883800e-01
4980.00 5.905800e-01
4985.00 5.920500e-01
4990.00 5.932800e-01
4995.00 5.945200e-01
5000.00 5.958200e-01
5005.00 5.967000e-01
5010.00 5.977000e-01
5015.00 5.987100e-01
5020.00 5.996500e-01
5025.00 5.999000e-01
5030.00 6.001600e-01
5035.00 6.003500e-01
5040.00 6.007200e-01
5045.00 6.017500e-01
5050.00 6.029100e-01
5055.00 6.038700e-01
5060.00 6.049100e-01
5065.00 6.065300e-01
5070.00 6.082800e-01
5075.00 6.099000e-01
5080.00 6.116500e-01
5085.00 6.128100e-01
5090.00 6.139700e-01
5095.00 6.151300e-01
5100.00 6.162300e-01
5105.00 6.161000e-01
5110.00 6.160400e-01
5115.00 6.157900e-01
5120.00 6.154800e-01
5125.00 6.160400e-01
5130.00 6.166700e-01
5135.00 6.174200e-01
5140.00 6.179900e-01
5145.00 6.195900e-01
5150.00 6.211900e-01
5155.00 6.227900e-01
5160.00 6.243900e-01
5165.00 6.252300e-01
5170.00 6.259400e-01
5175.00 6.267200e-01
5180.00 6.275000e-01
5185.00 6.284600e-01
5190.00 6.295500e-01
5195.00 6.306400e-01
5200.00 6.318700e-01
5205.00 6.334900e-01
5210.00 6.353100e-01
5215.00 6.371300e-01
5220.00 6.388800e-01
5225.00 6.402900e-01
5230.00 6.416300e-01
5235.00 6.429600e-01
5240.00 6.442300e-01
5245.00 6.449300e-01
5250.00 6.455700e-01
5255.00 6.462800e-01
5260.00 6.470500e-01
5265.00 6.472300e-01
5270.00 6.474100e-01
5275.00 6.477200e-01
5280.00 6.478300e-01
5285.00 6.482000e-01
5290.00 6.485700e-01
5295.00 6.490000e-01
5300.00 6.494300e-01
5305.00 6.504600e-01
5310.00 6.515000e-01
5315.00 6.524600e-01
5320.00 6.535600e-01
5325.00 6.545900e-01
5330.00 6.556900e-01
5335.00 6.567900e-01
5340.00 6.579000e-01
5345.00 6.592200e-01
5350.00 6.606200e-01
5355.00 6.619500e-01
5360.00 6.632900e-01
5365.00 6.627700e-01
5370.00 6.623200e-01
5375.00 6.618000e-01
5380.00 6.612200e-01
5385.00 6.596100e-01
5390.00 6.581200e-01
5395.00 6.565100e-01
5400.00 6.549600e-01
5405.00 6.564200e-01
5410.00 6.576700e-01
5415.00 6.590700e-01
5420.00 6.604500e-01
5425.00 6.648500e-01
5430.00 6.692500e-01
5435.00 6.734400e-01
5440.00 6.778500e-01
5445.00 6.556000e-01
5450.00 6.332800e-01
5455.00 6.108800e-01
5460.00 5.885500e-01
5465.00 5.051800e-01
5470.00 4.219000e-01
5475.00 3.383800e-01
5480.00 2.548800e-01
5485.00 2.034700e-01
5490.00 1.520000e-01
5495.00 1.005200e-01
5500.00 4.900000e-02
5505.00 3.950000e-02
5510.00 3.000000e-02
5515.00 2.049000e-02
5520.00 1.099000e-02
5525.00 8.870000e-03
5530.00 6.760000e-03
5535.00 4.640000e-03
5540.00 2.530000e-03
5545.00 2.130000e-03
5550.00 1.740000e-03
5555.00 1.340000e-03
5560.00 9.500000e-04
5565.00 8.500000e-04
5570.00 7.500000e-04
5575.00 6.500000e-04
5580.00 5.500000e-04
5585.00 5.100000e-04
