# SVO FPS Keck/NIRC2.Kp; DetectorType 1 (0 energy, 1 photon counter); ZeroPoint 677.56880064582 Jy (Pogson); lambda_eff 21084.380140491 A
# wavelength_A  transmission
18855.18 7.062380e-04
18859.05 7.043890e-04
18862.92 7.025410e-04
18866.79 7.006920e-04
18870.65 6.988430e-04
18874.52 6.969940e-04
18878.39 6.951450e-04
18882.26 6.932970e-04
18886.13 6.914480e-04
18890.00 6.895990e-04
18893.87 6.877500e-04
18897.74 6.859020e-04
18901.61 6.840530e-04
18905.48 6.822040e-04
18909.35 6.803550e-04
18913.22 6.785060e-04
18917.09 6.766580e-04
18920.96 6.748090e-04
18924.83 6.729600e-04
18928.70 6.711110e-04
18932.57 6.692620e-04
18936.44 6.674140e-04
18940.31 6.655650e-04
18944.18 6.637160e-04
18944.19 1.778540e-03
18948.06 1.776690e-03
18951.93 1.774840e-03
18955.80 1.772990e-03
18959.67 1.771140e-03
18963.54 1.769290e-03
18967.39 6.526230e-04
18971.26 6.507750e-04
18975.13 6.489260e-04
18975.14 1.763750e-03
18979.01 1.761900e-03
18982.88 1.760050e-03
18986.75 1.758200e-03
18990.62 1.756350e-03
18994.49 1.754500e-03
18998.36 1.752650e-03
18998.37 2.867470e-03
19002.24 2.865630e-03
19006.11 2.863780e-03
19009.98 2.861930e-03
19013.85 2.860080e-03
19017.72 2.858230e-03
19021.59 2.856380e-03
19021.60 3.971200e-03
19025.47 3.969350e-03
19029.34 3.967510e-03
19033.21 3.965660e-03
19037.08 3.963810e-03
19040.95 3.961960e-03
19044.82 3.960110e-03
19044.84 5.074930e-03
19048.70 5.073080e-03
19052.57 5.071230e-03
19056.44 5.069380e-03
19060.31 5.067540e-03
19064.18 5.065690e-03
19068.05 5.063840e-03
19071.92 5.061990e-03
19075.79 5.060140e-03
19075.80 6.174960e-03
19079.67 6.173110e-03
19083.54 6.171270e-03
19087.41 6.169420e-03
19091.28 6.167570e-03
19091.30 7.282390e-03
19095.16 7.280540e-03
19099.03 7.278690e-03
19102.90 7.276840e-03
19106.77 7.274990e-03
19106.79 8.389810e-03
19110.66 8.387960e-03
19114.53 8.386120e-03
19118.39 8.384270e-03
19122.26 8.382420e-03
19122.28 9.497240e-03
19126.15 9.495390e-03
19130.02 9.493540e-03
19133.89 9.491690e-03
19133.90 1.060650e-02
19137.77 1.060470e-02
19141.64 1.060280e-02
19145.51 1.060100e-02
19145.52 1.171580e-02
19149.39 1.171390e-02
19153.26 1.171210e-02
19153.27 1.282690e-02
19157.14 1.282510e-02
19157.15 1.393990e-02
19161.02 1.393800e-02
19164.89 1.393620e-02
19168.76 1.393430e-02
19168.78 1.504920e-02
19172.65 1.504730e-02
19176.52 1.504550e-02
19176.53 1.616030e-02
19180.40 1.615840e-02
19180.41 1.727330e-02
19184.28 1.727140e-02
19188.15 1.726960e-02
19188.16 1.838440e-02
19192.03 1.838250e-02
19195.90 1.838070e-02
19195.91 1.949550e-02
19199.78 1.949370e-02
19199.80 2.060850e-02
19203.67 2.060660e-02
19207.54 2.060480e-02
19207.55 2.171960e-02
19211.42 2.171770e-02
19211.43 2.283260e-02
19215.30 2.283070e-02
19219.17 2.282890e-02
19219.18 2.394370e-02
19223.05 2.394180e-02
19223.07 2.505670e-02
19226.94 2.505480e-02
19226.95 2.616960e-02
19230.82 2.616780e-02
19230.83 2.728260e-02
19234.70 2.728080e-02
19234.71 2.839560e-02
19238.58 2.839370e-02
19238.60 2.950850e-02
19242.47 2.950670e-02
19242.48 3.062150e-02
19246.35 3.061970e-02
19246.36 3.173450e-02
19250.23 3.173270e-02
19250.24 3.284750e-02
19254.11 3.284560e-02
19254.13 3.396040e-02
19258.00 3.395860e-02
19258.01 3.507340e-02
19261.88 3.507160e-02
19261.90 3.730120e-02
19265.77 3.729940e-02
19265.79 3.841420e-02
19265.80 3.952900e-02
19269.67 3.952710e-02
19269.68 4.064200e-02
19269.69 4.175680e-02
19273.56 4.175490e-02
19273.58 4.286980e-02
19277.45 4.286790e-02
19277.46 4.398270e-02
19281.33 4.398090e-02
19281.34 4.509570e-02
19285.21 4.509390e-02
19285.22 4.620870e-02
19285.24 4.732350e-02
19289.11 4.732170e-02
19289.13 4.955130e-02
19293.00 4.954950e-02
19293.03 5.177910e-02
19293.04 5.289390e-02
19296.91 5.289210e-02
19296.94 5.512170e-02
19296.95 5.623650e-02
19300.82 5.623470e-02
19300.83 5.734950e-02
19300.84 5.846430e-02
19304.71 5.846250e-02
19304.74 6.069210e-02
19308.61 6.069030e-02
19308.64 6.291990e-02
19308.65 6.403470e-02
19312.52 6.403290e-02
19312.54 6.626250e-02
19316.41 6.626070e-02
19316.45 6.960510e-02
19320.32 6.960330e-02
19320.37 7.406260e-02
19320.39 7.517740e-02
19324.26 7.517550e-02
19324.31 7.963480e-02
19328.18 7.963300e-02
19328.22 8.297740e-02
19328.23 8.409230e-02
19332.10 8.409040e-02
19332.11 8.520520e-02
19332.12 8.632010e-02
19335.99 8.631820e-02
19336.06 9.189230e-02
19336.07 9.300710e-02
19339.94 9.300530e-02
19339.95 9.412010e-02
19339.97 9.523490e-02
19343.84 9.523310e-02
19343.86 9.746270e-02
19343.88 9.857750e-02
19347.74 9.857570e-02
19347.78 1.019200e-01
19347.80 1.030350e-01
19351.67 1.030330e-01
19351.76 1.108370e-01
19355.63 1.108350e-01
19355.69 1.164090e-01
19355.72 1.186390e-01
19359.59 1.186370e-01
19359.62 1.219810e-01
19359.64 1.230960e-01
19363.51 1.230940e-01
19363.55 1.264390e-01
19363.56 1.275540e-01
19367.43 1.275520e-01
19367.47 1.308960e-01
19367.48 1.320110e-01
19371.35 1.320090e-01
19371.44 1.398130e-01
19375.31 1.398110e-01
19375.40 1.476150e-01
19375.41 1.487300e-01
19379.28 1.487280e-01
19379.40 1.587610e-01
19379.41 1.598760e-01
19383.28 1.598740e-01
19383.40 1.699080e-01
19383.41 1.710220e-01
19387.28 1.710210e-01
19387.38 1.799390e-01
19387.40 1.810540e-01
19391.27 1.810520e-01
19391.34 1.877410e-01
19391.36 1.888560e-01
19395.23 1.888540e-01
19395.29 1.944280e-01
19395.30 1.955430e-01
19399.17 1.955410e-01
19399.23 2.000000e-01
19399.24 2.011150e-01
19403.11 2.011130e-01
19403.21 2.100320e-01
19403.23 2.111470e-01
19407.09 2.111450e-01
19407.25 2.245230e-01
19407.28 2.267520e-01
19407.29 2.278670e-01
19411.16 2.278650e-01
19411.30 2.401280e-01
19415.17 2.401270e-01
19415.33 2.535040e-01
19415.34 2.546190e-01
19419.21 2.546170e-01
19419.40 2.713400e-01
19423.27 2.713380e-01
19423.41 2.836010e-01
19423.43 2.847160e-01
19427.30 2.847140e-01
19427.41 2.947470e-01
19427.44 2.969770e-01
19431.31 2.969750e-01
19431.41 3.058940e-01
19435.28 3.058920e-01
19435.41 3.170400e-01
19435.42 3.181550e-01
19439.29 3.181530e-01
19439.50 3.359900e-01
19439.51 3.371050e-01
19443.38 3.371030e-01
19443.63 3.582850e-01
19447.50 3.582830e-01
19447.78 3.828090e-01
19451.65 3.828070e-01
19451.83 3.984150e-01
19451.85 3.995290e-01
19455.72 3.995270e-01
19455.87 4.129050e-01
19455.88 4.140200e-01
19459.75 4.140180e-01
19459.92 4.285110e-01
19459.93 4.296260e-01
19463.80 4.296240e-01
19464.02 4.485760e-01
19467.89 4.485740e-01
19468.22 4.764450e-01
19468.28 4.820190e-01
19468.30 4.831330e-01
19472.16 4.831320e-01
19472.40 5.031980e-01
19476.27 5.031970e-01
19476.54 5.266080e-01
19480.41 5.266060e-01
19480.55 5.388690e-01
19484.42 5.388670e-01
19484.58 5.522450e-01
19484.59 5.533600e-01
19488.46 5.533580e-01
19488.65 5.700800e-01
19488.68 5.723100e-01
19488.69 5.734250e-01
19492.56 5.734230e-01
19492.77 5.912600e-01
19496.64 5.912580e-01
19496.92 6.157840e-01
19496.95 6.180140e-01
19500.82 6.180120e-01
19501.01 6.347340e-01
19504.88 6.347330e-01
19505.14 6.570290e-01
19505.15 6.581440e-01
19509.02 6.581420e-01
19509.13 6.670610e-01
19509.14 6.681750e-01
19513.01 6.681730e-01
19513.28 6.915850e-01
19513.29 6.926990e-01
19517.16 6.926980e-01
19517.32 7.060760e-01
19517.38 7.116500e-01
19517.40 7.127640e-01
19521.26 7.127630e-01
19521.41 7.250260e-01
19525.28 7.250240e-01
19525.46 7.406310e-01
19529.33 7.406290e-01
19529.51 7.562370e-01
19533.38 7.562350e-01
19533.52 7.684980e-01
19537.39 7.684960e-01
19537.60 7.863330e-01
19541.47 7.863310e-01
19541.63 8.008240e-01
19545.50 8.008220e-01
19545.61 8.097410e-01
19545.62 8.108560e-01
19549.49 8.108540e-01
19549.65 8.242320e-01
19549.67 8.264610e-01
19553.54 8.264600e-01
19553.64 8.353780e-01
19553.66 8.364930e-01
19557.53 8.364910e-01
19557.63 8.454100e-01
19557.64 8.465250e-01
19561.51 8.465230e-01
19561.59 8.532120e-01
19565.46 8.532100e-01
19565.62 8.665870e-01
19565.63 8.677020e-01
19569.50 8.677000e-01
19569.63 8.788490e-01
19569.64 8.799640e-01
19573.51 8.799620e-01
19573.63 8.899950e-01
19573.64 8.911100e-01
19577.51 8.911080e-01
19577.60 8.989120e-01
19581.47 8.989100e-01
19581.55 9.055990e-01
19581.56 9.067140e-01
19585.43 9.067120e-01
19585.51 9.134010e-01
19585.52 9.145160e-01
19589.39 9.145140e-01
19589.44 9.189730e-01
19589.45 9.200880e-01
19593.32 9.200860e-01
19593.38 9.245450e-01
19593.39 9.256600e-01
19597.26 9.256580e-01
19597.28 9.278880e-01
19597.30 9.290030e-01
19601.17 9.290010e-01
19601.22 9.334600e-01
19605.09 9.334580e-01
19605.11 9.356880e-01
19608.98 9.356860e-01
19609.01 9.379160e-01
19609.02 9.390310e-01
19612.89 9.390290e-01
19612.90 9.401430e-01
19612.92 9.412580e-01
19616.79 9.412560e-01
19616.80 9.423710e-01
19616.81 9.434860e-01
19620.68 9.434840e-01
19620.69 9.445990e-01
19624.56 9.445970e-01
19624.58 9.457120e-01
19628.45 9.457100e-01
19628.46 9.468250e-01
19632.33 9.468230e-01
19632.34 9.479380e-01
19636.21 9.479360e-01
19640.08 9.479340e-01
19640.09 9.490490e-01
19643.96 9.490470e-01
19647.83 9.490450e-01
19647.85 9.501600e-01
19651.72 9.501580e-01
19651.73 9.512730e-01
19655.60 9.512710e-01
19655.61 9.523860e-01
19659.48 9.523840e-01
19659.49 9.534990e-01
19663.36 9.534970e-01
19663.38 9.546120e-01
19667.25 9.546100e-01
19671.11 9.546080e-01
19674.98 9.546070e-01
19678.84 9.534900e-01
19682.71 9.534880e-01
19682.72 9.546030e-01
19686.59 9.546010e-01
19690.46 9.545990e-01
19694.33 9.545970e-01
19698.20 9.545950e-01
19702.06 9.534790e-01
19705.91 9.523620e-01
19709.77 9.512450e-01
19713.64 9.512440e-01
19717.51 9.512420e-01
19717.52 9.523570e-01
19721.39 9.523550e-01
19725.26 9.523530e-01
19729.13 9.523510e-01
19733.00 9.523490e-01
19736.87 9.523470e-01
19736.88 9.534620e-01
19740.75 9.534600e-01
19744.62 9.534580e-01
19748.49 9.534570e-01
19752.36 9.534550e-01
19752.37 9.545700e-01
19756.24 9.545680e-01
19760.11 9.545660e-01
19763.98 9.545640e-01
19764.00 9.556790e-01
19767.87 9.556770e-01
19771.74 9.556750e-01
19771.75 9.567900e-01
19775.62 9.567880e-01
19779.49 9.567860e-01
19779.50 9.579010e-01
19783.37 9.578990e-01
19783.38 9.590140e-01
19787.25 9.590120e-01
19791.12 9.590100e-01
19791.13 9.601250e-01
19795.00 9.601230e-01
19798.87 9.601220e-01
19802.74 9.601200e-01
19806.61 9.601180e-01
19810.48 9.601160e-01
19810.50 9.612310e-01
19814.36 9.612290e-01
19818.23 9.612270e-01
19822.10 9.612250e-01
19825.97 9.612240e-01
19825.99 9.623380e-01
19829.86 9.623360e-01
19829.87 9.634510e-01
19833.74 9.634490e-01
19837.61 9.634480e-01
19837.62 9.645620e-01
19841.49 9.645610e-01
19845.36 9.645590e-01
19849.22 9.634420e-01
19853.09 9.634400e-01
19856.94 9.623230e-01
19860.81 9.623220e-01
19864.68 9.623200e-01
19868.55 9.623180e-01
19872.42 9.623160e-01
19872.43 9.634310e-01
19876.30 9.634290e-01
19880.17 9.634270e-01
19884.03 9.623100e-01
19887.90 9.623090e-01
19891.77 9.623070e-01
19895.64 9.623050e-01
19899.51 9.623030e-01
19903.36 9.611870e-01
19907.23 9.611850e-01
19911.10 9.611830e-01
19914.96 9.600660e-01
19918.83 9.600640e-01
19922.70 9.600620e-01
19926.55 9.589460e-01
19930.41 9.578290e-01
19934.28 9.578270e-01
19938.15 9.578250e-01
19942.01 9.567090e-01
19945.88 9.567070e-01
19949.75 9.567050e-01
19953.60 9.555880e-01
19957.47 9.555870e-01
19961.33 9.544700e-01
19965.19 9.533530e-01
19969.05 9.533510e-01
19972.91 9.522350e-01
19976.77 9.511180e-01
19980.62 9.500010e-01
19984.48 9.488850e-01
19988.34 9.477680e-01
19992.19 9.466510e-01
19996.05 9.455350e-01
19999.91 9.444180e-01
20003.78 9.444160e-01
20007.63 9.432990e-01
20011.49 9.421830e-01
20015.33 9.399510e-01
20019.20 9.399490e-01
20023.06 9.388330e-01
20026.92 9.377160e-01
20030.77 9.365990e-01
20034.63 9.354830e-01
20038.50 9.354810e-01
20038.51 9.365960e-01
20042.34 9.332490e-01
20046.21 9.332470e-01
20050.07 9.321310e-01
20053.94 9.321290e-01
20057.78 9.298980e-01
20061.65 9.298960e-01
20065.50 9.276640e-01
20069.35 9.265480e-01
20073.21 9.254310e-01
20077.07 9.243140e-01
20080.93 9.243120e-01
20084.80 9.243110e-01
20088.67 9.243090e-01
20092.53 9.231920e-01
20096.40 9.231900e-01
20100.27 9.231880e-01
20100.28 9.243030e-01
20104.11 9.209570e-01
20107.97 9.198400e-01
20111.84 9.198380e-01
20115.71 9.198360e-01
20119.57 9.187200e-01
20123.42 9.176030e-01
20127.28 9.164860e-01
20131.15 9.164850e-01
20135.00 9.153680e-01
20138.87 9.153660e-01
20142.74 9.153640e-01
20146.61 9.153620e-01
20146.63 9.164770e-01
20150.50 9.164750e-01
20154.36 9.164740e-01
20158.23 9.164720e-01
20162.10 9.164700e-01
20165.96 9.153530e-01
20169.83 9.153510e-01
20173.70 9.153490e-01
20177.57 9.153480e-01
20181.44 9.153460e-01
20185.30 9.142290e-01
20189.16 9.142270e-01
20193.03 9.142250e-01
20196.90 9.142230e-01
20200.77 9.142220e-01
20200.79 9.153360e-01
20204.66 9.153350e-01
20208.53 9.153330e-01
20212.39 9.153310e-01
20216.26 9.153290e-01
20220.12 9.142120e-01
20223.99 9.142100e-01
20227.86 9.142090e-01
20231.73 9.142070e-01
20235.60 9.142050e-01
20239.47 9.142030e-01
20243.34 9.142010e-01
20247.21 9.142000e-01
20251.08 9.141980e-01
20254.95 9.141960e-01
20258.82 9.141940e-01
20262.69 9.141920e-01
20266.55 9.141900e-01
20270.42 9.141880e-01
20270.44 9.153030e-01
20274.31 9.153010e-01
20274.32 9.164160e-01
20278.19 9.164140e-01
20282.06 9.164120e-01
20282.07 9.175270e-01
20285.94 9.175250e-01
20285.95 9.186400e-01
20289.82 9.186380e-01
20293.69 9.186370e-01
20293.71 9.197510e-01
20297.58 9.197500e-01
20301.45 9.197480e-01
20305.30 9.186310e-01
20309.17 9.186290e-01
20313.03 9.175120e-01
20313.04 9.186270e-01
20316.91 9.186250e-01
20316.92 9.197400e-01
20320.79 9.197380e-01
20320.81 9.208530e-01
20324.68 9.208510e-01
20324.69 9.219660e-01
20324.70 9.230810e-01
20328.57 9.230790e-01
20328.58 9.241940e-01
20332.45 9.241920e-01
20336.32 9.241900e-01
20340.19 9.241890e-01
20344.06 9.241870e-01
20347.93 9.241850e-01
20351.80 9.241830e-01
20355.67 9.241810e-01
20359.54 9.241790e-01
20363.40 9.230630e-01
20363.41 9.241770e-01
20367.28 9.241760e-01
20371.15 9.241740e-01
20371.16 9.252890e-01
20375.03 9.252870e-01
20375.04 9.264020e-01
20378.91 9.264000e-01
20378.93 9.275140e-01
20382.80 9.275130e-01
20382.81 9.286270e-01
20386.68 9.286260e-01
20386.69 9.297400e-01
20390.56 9.297390e-01
20394.43 9.297370e-01
20394.44 9.308510e-01
20398.31 9.308500e-01
20402.18 9.308480e-01
20406.05 9.308460e-01
20409.92 9.308440e-01
20413.79 9.308420e-01
20417.66 9.308400e-01
20421.53 9.308390e-01
20421.54 9.319530e-01
20425.41 9.319510e-01
20425.43 9.330660e-01
20429.29 9.330640e-01
20429.31 9.341790e-01
20433.18 9.341770e-01
20433.20 9.364070e-01
20437.07 9.364050e-01
20437.09 9.375200e-01
20440.96 9.375180e-01
20440.97 9.386330e-01
20444.84 9.386310e-01
20448.71 9.386290e-01
20452.58 9.386280e-01
20456.45 9.386260e-01
20460.32 9.386240e-01
20464.19 9.386220e-01
20468.05 9.386200e-01
20468.07 9.397350e-01
20471.94 9.397330e-01
20475.81 9.397310e-01
20475.82 9.408460e-01
20479.69 9.408440e-01
20479.70 9.419590e-01
20483.57 9.419570e-01
20487.44 9.419550e-01
20491.31 9.419530e-01
20491.32 9.430680e-01
20495.19 9.430670e-01
20499.06 9.430650e-01
20502.93 9.430630e-01
20506.80 9.430610e-01
20506.81 9.441760e-01
20510.68 9.441740e-01
20510.70 9.452890e-01
20514.57 9.452870e-01
20514.58 9.464020e-01
20518.45 9.464000e-01
20522.32 9.463980e-01
20522.33 9.475130e-01
20526.20 9.475110e-01
20526.21 9.486260e-01
20530.08 9.486240e-01
20533.95 9.486220e-01
20537.82 9.486200e-01
20541.69 9.486180e-01
20545.56 9.486160e-01
20549.43 9.486150e-01
20553.30 9.486130e-01
20553.31 9.497280e-01
20557.18 9.497260e-01
20561.05 9.497240e-01
20564.92 9.497220e-01
20568.79 9.497200e-01
20568.80 9.508350e-01
20572.67 9.508330e-01
20576.54 9.508310e-01
20580.41 9.508300e-01
20580.43 9.519440e-01
20584.30 9.519420e-01
20584.31 9.530570e-01
20588.18 9.530550e-01
20592.05 9.530540e-01
20592.06 9.541680e-01
20595.93 9.541670e-01
20595.94 9.552810e-01
20599.81 9.552800e-01
20603.68 9.552780e-01
20603.69 9.563930e-01
20603.71 9.575070e-01
20607.58 9.575060e-01
20607.59 9.586200e-01
20611.46 9.586190e-01
20615.33 9.586170e-01
20619.20 9.586150e-01
20623.07 9.586130e-01
20626.93 9.574960e-01
20630.79 9.574940e-01
20634.66 9.574930e-01
20638.53 9.574910e-01
20642.40 9.574890e-01
20646.27 9.574870e-01
20650.14 9.574850e-01
20654.01 9.574830e-01
20657.88 9.574810e-01
20661.75 9.574800e-01
20661.76 9.585940e-01
20665.63 9.585930e-01
20665.65 9.597070e-01
20669.52 9.597060e-01
20669.53 9.608200e-01
20673.40 9.608190e-01
20677.27 9.608170e-01
20681.14 9.608150e-01
20684.99 9.596980e-01
20688.86 9.596960e-01
20692.73 9.596940e-01
20696.60 9.596930e-01
20700.47 9.596910e-01
20704.34 9.596890e-01
20708.21 9.596870e-01
20712.08 9.596850e-01
20715.95 9.596830e-01
20719.81 9.585670e-01
20719.82 9.596820e-01
20723.69 9.596800e-01
20727.56 9.596780e-01
20731.43 9.596760e-01
20735.30 9.596740e-01
20739.17 9.596720e-01
20743.04 9.596700e-01
20746.91 9.596690e-01
20750.76 9.585520e-01
20754.63 9.585500e-01
20758.50 9.585480e-01
20758.51 9.596630e-01
20762.38 9.596610e-01
20766.24 9.585450e-01
20770.11 9.585430e-01
20773.98 9.585410e-01
20777.85 9.585390e-01
20781.72 9.585370e-01
20785.59 9.585350e-01
20789.46 9.585340e-01
20793.33 9.585320e-01
20797.18 9.574150e-01
20797.20 9.585300e-01
20801.07 9.585280e-01
20804.94 9.585260e-01
20808.81 9.585240e-01
20812.67 9.585220e-01
20816.54 9.585210e-01
20820.41 9.585190e-01
20824.27 9.574020e-01
20824.28 9.585170e-01
20828.15 9.585150e-01
20832.02 9.585130e-01
20835.88 9.573960e-01
20839.75 9.573950e-01
20839.76 9.585090e-01
20843.63 9.585080e-01
20847.50 9.585060e-01
20851.37 9.585040e-01
20855.24 9.585020e-01
20859.11 9.585000e-01
20862.98 9.584980e-01
20866.84 9.573820e-01
20870.70 9.573800e-01
20874.57 9.573780e-01
20878.44 9.573760e-01
20882.30 9.562600e-01
20886.17 9.562580e-01
20890.04 9.562560e-01
20893.90 9.551390e-01
20897.77 9.551370e-01
20901.64 9.551350e-01
20901.65 9.562500e-01
20905.52 9.562480e-01
20909.39 9.562460e-01
20909.40 9.573610e-01
20913.27 9.573600e-01
20917.14 9.573580e-01
20921.00 9.562410e-01
20924.87 9.562390e-01
20928.72 9.551220e-01
20932.58 9.540060e-01
20936.43 9.528890e-01
20940.29 9.517720e-01
20944.15 9.506560e-01
20948.02 9.506540e-01
20951.89 9.506520e-01
20955.76 9.506500e-01
20959.63 9.506480e-01
20959.64 9.517630e-01
20963.51 9.517610e-01
20967.37 9.506450e-01
20971.23 9.506430e-01
20975.09 9.495260e-01
20978.96 9.495240e-01
20982.82 9.484080e-01
20986.67 9.472910e-01
20990.53 9.461740e-01
20994.40 9.461720e-01
20998.26 9.450560e-01
21002.13 9.450540e-01
21006.00 9.450520e-01
21009.85 9.439350e-01
21009.87 9.450500e-01
21013.73 9.450480e-01
21017.60 9.450470e-01
21017.62 9.461610e-01
21021.49 9.461590e-01
21025.36 9.461580e-01
21029.23 9.461560e-01
21033.10 9.461540e-01
21033.11 9.472690e-01
21036.94 9.439220e-01
21040.81 9.439210e-01
21044.66 9.428040e-01
21048.53 9.428020e-01
21052.40 9.428000e-01
21056.26 9.416840e-01
21060.13 9.416820e-01
21063.99 9.405650e-01
21067.86 9.405630e-01
21071.73 9.405610e-01
21075.60 9.405590e-01
21079.46 9.405580e-01
21083.33 9.405560e-01
21087.19 9.394390e-01
21091.06 9.394370e-01
21094.93 9.394350e-01
21098.80 9.394340e-01
21102.67 9.394320e-01
21106.53 9.383150e-01
21110.38 9.371980e-01
21114.25 9.371970e-01
21118.11 9.360800e-01
21121.98 9.360780e-01
21125.83 9.349610e-01
21129.70 9.349590e-01
21133.57 9.349580e-01
21137.44 9.349560e-01
21141.30 9.338390e-01
21145.17 9.338370e-01
21149.03 9.327210e-01
21152.88 9.316040e-01
21156.74 9.304870e-01
21160.60 9.293710e-01
21164.46 9.293690e-01
21168.33 9.293670e-01
21172.19 9.282500e-01
21176.06 9.282480e-01
21179.93 9.282470e-01
21183.80 9.282450e-01
21187.66 9.271280e-01
21191.51 9.260110e-01
21195.37 9.248950e-01
21199.23 9.237780e-01
21203.08 9.226610e-01
21206.95 9.226600e-01
21210.80 9.204280e-01
21214.66 9.204260e-01
21218.52 9.193100e-01
21222.38 9.181930e-01
21226.23 9.170760e-01
21230.10 9.170740e-01
21233.97 9.170730e-01
21237.84 9.170710e-01
21241.71 9.170690e-01
21245.58 9.170670e-01
21249.45 9.170650e-01
21249.46 9.181800e-01
21253.33 9.181780e-01
21257.18 9.159470e-01
21261.05 9.159450e-01
21264.92 9.159430e-01
21268.76 9.137110e-01
21272.63 9.137090e-01
21276.50 9.137080e-01
21280.36 9.125910e-01
21284.21 9.114740e-01
21288.08 9.114730e-01
21291.94 9.103560e-01
21295.81 9.103540e-01
21299.68 9.103520e-01
21303.55 9.103500e-01
21307.42 9.103480e-01
21311.29 9.103470e-01
21315.16 9.103450e-01
21319.01 9.092280e-01
21322.88 9.092260e-01
21326.75 9.092240e-01
21330.61 9.081080e-01
21334.46 9.069910e-01
21338.33 9.069890e-01
21342.20 9.069870e-01
21346.07 9.069860e-01
21349.94 9.069840e-01
21353.81 9.069820e-01
21353.83 9.080970e-01
21357.69 9.080950e-01
21361.56 9.080930e-01
21365.43 9.080910e-01
21369.29 9.069740e-01
21373.16 9.069720e-01
21377.02 9.058560e-01
21380.89 9.058540e-01
21384.76 9.058520e-01
21388.63 9.058500e-01
21392.49 9.058490e-01
21396.36 9.058470e-01
21400.23 9.058450e-01
21400.25 9.069600e-01
21404.12 9.069580e-01
21407.99 9.069560e-01
21411.86 9.069540e-01
21415.72 9.069520e-01
21419.59 9.069500e-01
21423.46 9.069490e-01
21427.32 9.058320e-01
21431.19 9.058300e-01
21435.06 9.058280e-01
21438.93 9.058260e-01
21442.79 9.047100e-01
21446.65 9.047080e-01
21450.52 9.047060e-01
21454.39 9.047040e-01
21458.26 9.047020e-01
21462.13 9.047000e-01
21462.15 9.058150e-01
21466.02 9.058130e-01
21469.89 9.058110e-01
21473.75 9.058100e-01
21477.61 9.046930e-01
21481.48 9.046910e-01
21481.49 9.058060e-01
21485.36 9.058040e-01
21489.23 9.058020e-01
21489.25 9.069170e-01
21493.12 9.069150e-01
21493.13 9.080300e-01
21497.00 9.080280e-01
21497.01 9.091430e-01
21500.88 9.091410e-01
21500.89 9.102560e-01
21504.76 9.102540e-01
21504.78 9.113690e-01
21508.64 9.113670e-01
21512.51 9.113650e-01
21516.38 9.113630e-01
21520.24 9.102470e-01
21524.10 9.091300e-01
21527.97 9.091280e-01
21531.84 9.091260e-01
21535.71 9.091250e-01
21535.72 9.102390e-01
21539.59 9.102380e-01
21539.60 9.113520e-01
21543.47 9.113510e-01
21543.48 9.124650e-01
21547.35 9.124630e-01
21547.37 9.135780e-01
21551.24 9.135760e-01
21551.25 9.146910e-01
21555.12 9.146890e-01
21555.13 9.158040e-01
21559.00 9.158020e-01
21559.01 9.169170e-01
21562.88 9.169150e-01
21566.75 9.169140e-01
21570.62 9.169120e-01
21574.48 9.157950e-01
21578.35 9.157930e-01
21582.22 9.157910e-01
21586.09 9.157890e-01
21586.10 9.169040e-01
21589.97 9.169020e-01
21593.84 9.169010e-01
21593.85 9.180150e-01
21597.72 9.180140e-01
21601.59 9.180120e-01
21601.60 9.191260e-01
21605.47 9.191250e-01
21605.49 9.202390e-01
21609.36 9.202380e-01
21613.23 9.202360e-01
21617.10 9.202340e-01
21620.95 9.191170e-01
21624.82 9.191150e-01
21628.68 9.179990e-01
21632.55 9.179970e-01
21636.42 9.179950e-01
21636.43 9.191100e-01
21640.30 9.191080e-01
21640.31 9.202230e-01
21644.18 9.202210e-01
21648.05 9.202190e-01
21648.06 9.213340e-01
21651.93 9.213320e-01
21655.80 9.213300e-01
21655.82 9.224450e-01
21659.69 9.224430e-01
21663.56 9.224410e-01
21663.57 9.235560e-01
21667.44 9.235540e-01
21671.31 9.235520e-01
21671.32 9.246670e-01
21675.19 9.246660e-01
21679.06 9.246640e-01
21679.07 9.257780e-01
21682.94 9.257770e-01
21686.81 9.257750e-01
21690.68 9.257730e-01
21694.55 9.257710e-01
21694.56 9.268860e-01
21698.43 9.268840e-01
21702.30 9.268820e-01
21706.17 9.268800e-01
21706.18 9.279950e-01
21710.05 9.279930e-01
21710.07 9.291080e-01
21713.94 9.291060e-01
21713.95 9.302210e-01
21717.82 9.302190e-01
21717.83 9.313340e-01
21721.70 9.313320e-01
21725.57 9.313300e-01
21729.44 9.313290e-01
21733.31 9.313270e-01
21737.18 9.313250e-01
21741.04 9.302080e-01
21744.91 9.302060e-01
21744.92 9.313210e-01
21748.79 9.313190e-01
21752.66 9.313170e-01
21756.53 9.313160e-01
21760.40 9.313140e-01
21764.27 9.313120e-01
21764.28 9.324270e-01
21768.15 9.324250e-01
21772.02 9.324230e-01
21772.03 9.335380e-01
21775.90 9.335360e-01
21775.91 9.346510e-01
21779.78 9.346490e-01
21783.65 9.346470e-01
21787.52 9.346450e-01
21791.39 9.346430e-01
21795.25 9.335270e-01
21799.12 9.335250e-01
21802.97 9.324080e-01
21806.83 9.312910e-01
21810.70 9.312900e-01
21814.56 9.301730e-01
21818.43 9.301710e-01
21822.30 9.301690e-01
21826.17 9.301680e-01
21826.18 9.312820e-01
21830.05 9.312800e-01
21833.92 9.312790e-01
21837.79 9.312770e-01
21841.66 9.312750e-01
21845.51 9.301580e-01
21849.37 9.290410e-01
21853.23 9.279250e-01
21857.08 9.268080e-01
21860.95 9.268060e-01
21864.81 9.256900e-01
21864.82 9.268040e-01
21868.69 9.268030e-01
21872.56 9.268010e-01
21876.43 9.267990e-01
21880.29 9.256820e-01
21884.16 9.256800e-01
21888.03 9.256790e-01
21891.90 9.256770e-01
21891.91 9.267920e-01
21895.78 9.267900e-01
21899.65 9.267880e-01
21903.50 9.256710e-01
21907.37 9.256690e-01
21911.23 9.245530e-01
21915.09 9.234360e-01
21918.94 9.223190e-01
21922.80 9.212030e-01
21926.66 9.200860e-01
21930.53 9.200840e-01
21930.54 9.211990e-01
21949.83 9.167300e-01
21953.69 9.156140e-01
21957.56 9.156120e-01
21961.42 9.144950e-01
21965.27 9.133790e-01
21969.13 9.122620e-01
21972.99 9.111450e-01
21976.83 9.089140e-01
21980.69 9.077970e-01
21984.52 9.044510e-01
21988.39 9.044490e-01
21992.26 9.044470e-01
21996.11 9.033300e-01
21999.98 9.033290e-01
22003.84 9.022120e-01
22007.70 9.010950e-01
22011.55 8.999790e-01
22015.41 8.988620e-01
22019.28 8.988600e-01
22023.15 8.988580e-01
22027.01 8.977420e-01
22030.86 8.966250e-01
22034.73 8.966230e-01
22038.59 8.955060e-01
22042.44 8.943900e-01
22046.29 8.921580e-01
22050.14 8.910420e-01
22054.00 8.899250e-01
22057.86 8.888080e-01
22061.71 8.876910e-01
22065.57 8.865750e-01
22069.44 8.865730e-01
22073.28 8.843420e-01
22077.14 8.832250e-01
22081.01 8.832230e-01
22084.84 8.798770e-01
22088.70 8.787600e-01
22092.57 8.787580e-01
22096.42 8.776410e-01
22100.28 8.765250e-01
22104.15 8.765230e-01
22108.01 8.754060e-01
22111.86 8.742900e-01
22115.72 8.731730e-01
22119.58 8.720560e-01
22119.59 8.731710e-01
22123.41 8.687100e-01
22127.28 8.687080e-01
22131.13 8.675910e-01
22135.00 8.675900e-01
22138.87 8.675880e-01
22142.74 8.675860e-01
22146.61 8.675840e-01
22146.62 8.686990e-01
22150.49 8.686970e-01
22154.36 8.686950e-01
22158.22 8.675790e-01
22162.09 8.675770e-01
22165.95 8.664600e-01
22169.80 8.653430e-01
22173.67 8.653410e-01
22177.53 8.642250e-01
22181.40 8.642230e-01
22185.25 8.631060e-01
22189.12 8.631040e-01
22192.99 8.631030e-01
22196.85 8.619860e-01
22200.71 8.608690e-01
22204.56 8.597530e-01
22208.43 8.597510e-01
22212.29 8.586340e-01
22216.16 8.586320e-01
22220.03 8.586300e-01
22223.90 8.586280e-01
22227.75 8.575120e-01
22227.77 8.586270e-01
22231.64 8.586250e-01
22235.51 8.586230e-01
22239.38 8.586210e-01
22243.25 8.586190e-01
22247.11 8.586170e-01
22250.98 8.586160e-01
22254.85 8.586140e-01
22258.71 8.574970e-01
22262.58 8.574950e-01
22266.44 8.563790e-01
22270.31 8.563770e-01
22274.18 8.563750e-01
22278.05 8.563730e-01
22281.91 8.563710e-01
22281.93 8.574860e-01
22285.80 8.574840e-01
22289.67 8.574820e-01
22293.54 8.574800e-01
22293.55 8.585950e-01
22297.42 8.585930e-01
22301.29 8.585910e-01
22301.30 8.597060e-01
22305.17 8.597040e-01
22309.04 8.597030e-01
22309.05 8.608180e-01
22312.92 8.608160e-01
22316.79 8.608140e-01
22320.66 8.608120e-01
22324.53 8.608100e-01
22328.40 8.608080e-01
22328.41 8.619230e-01
22332.28 8.619210e-01
22336.15 8.619190e-01
22336.17 8.630340e-01
22340.04 8.630320e-01
22340.05 8.641470e-01
22343.92 8.641450e-01
22343.93 8.652600e-01
22347.80 8.652580e-01
22347.81 8.663730e-01
22351.68 8.663710e-01
22355.55 8.663690e-01
22359.42 8.663680e-01
22359.43 8.674820e-01
22363.30 8.674810e-01
22363.32 8.685950e-01
22367.19 8.685940e-01
22367.20 8.697080e-01
22371.07 8.697060e-01
22374.94 8.697050e-01
22378.81 8.697030e-01
22378.82 8.708180e-01
22382.69 8.708160e-01
22382.70 8.719300e-01
22386.57 8.719290e-01
22386.60 8.741580e-01
22390.47 8.741570e-01
22390.49 8.763860e-01
22394.36 8.763840e-01
22394.39 8.786140e-01
22394.40 8.797290e-01
22398.27 8.797270e-01
22398.29 8.808420e-01
22402.15 8.808400e-01
22402.17 8.819550e-01
22406.04 8.819530e-01
22406.06 8.841820e-01
22406.08 8.852970e-01
22409.95 8.852960e-01
22409.96 8.864100e-01
22413.83 8.864080e-01
22413.84 8.875230e-01
22413.85 8.886380e-01
22417.72 8.886360e-01
22421.59 8.886340e-01
22421.61 8.897490e-01
22425.48 8.897470e-01
22425.49 8.908620e-01
22429.36 8.908600e-01
22433.23 8.908580e-01
22433.24 8.919730e-01
22437.11 8.919710e-01
22440.98 8.919700e-01
22440.99 8.930840e-01
22441.01 8.941990e-01
22444.87 8.941970e-01
22444.89 8.953120e-01
22448.76 8.953100e-01
22448.78 8.975400e-01
22448.80 8.986550e-01
22452.67 8.986530e-01
22452.68 8.997680e-01
22456.55 8.997660e-01
22456.57 9.019960e-01
22456.59 9.031100e-01
22460.46 9.031090e-01
22460.47 9.042230e-01
22460.48 9.053380e-01
22464.35 9.053360e-01
22464.36 9.064510e-01
22464.38 9.075660e-01
22468.25 9.075640e-01
22468.26 9.086790e-01
22472.13 9.086770e-01
22472.14 9.097920e-01
22476.01 9.097900e-01
22476.04 9.120200e-01
22476.05 9.131350e-01
22479.92 9.131330e-01
22479.93 9.142470e-01
22483.80 9.142460e-01
22483.82 9.153610e-01
22487.69 9.153590e-01
22487.70 9.164740e-01
22491.57 9.164720e-01
22495.44 9.164700e-01
22495.45 9.175850e-01
22495.46 9.186990e-01
22499.33 9.186980e-01
22499.35 9.198120e-01
22499.36 9.209270e-01
22503.23 9.209250e-01
22503.24 9.220400e-01
22507.11 9.220380e-01
22507.12 9.231530e-01
22507.14 9.242680e-01
22511.01 9.242660e-01
22511.02 9.253810e-01
22514.89 9.253790e-01
22514.90 9.264940e-01
22514.91 9.276090e-01
22518.78 9.276070e-01
22518.80 9.287220e-01
22522.67 9.287200e-01
22522.69 9.309490e-01
22526.56 9.309480e-01
22526.57 9.320630e-01
22526.59 9.331770e-01
22530.46 9.331750e-01
22530.47 9.342900e-01
22530.48 9.354050e-01
22534.35 9.354030e-01
22534.37 9.365180e-01
22534.38 9.376330e-01
22538.25 9.376310e-01
22538.26 9.387460e-01
22542.13 9.387440e-01
22542.14 9.398590e-01
22542.16 9.409740e-01
22546.03 9.409720e-01
22546.04 9.420870e-01
22549.91 9.420850e-01
22549.93 9.443140e-01
22553.80 9.443130e-01
22553.82 9.454270e-01
22557.69 9.454260e-01
22561.56 9.454240e-01
22565.43 9.454220e-01
22569.29 9.454200e-01
22573.16 9.454180e-01
22573.18 9.465330e-01
22577.05 9.465310e-01
22577.06 9.476460e-01
22577.07 9.487610e-01
22580.94 9.487590e-01
22580.95 9.498740e-01
22580.97 9.509890e-01
22584.84 9.509870e-01
22584.86 9.532160e-01
22588.73 9.532140e-01
22588.75 9.543290e-01
22592.62 9.543270e-01
22592.63 9.554420e-01
22596.50 9.554400e-01
22596.51 9.565550e-01
22600.38 9.565530e-01
22604.25 9.565520e-01
22608.12 9.565500e-01
22608.13 9.576650e-01
22612.00 9.576630e-01
22615.87 9.576610e-01
22619.74 9.576590e-01
22623.61 9.576570e-01
22627.48 9.576550e-01
22631.35 9.576530e-01
22635.22 9.576520e-01
22639.09 9.576500e-01
22639.10 9.587650e-01
22639.11 9.598790e-01
22642.98 9.598780e-01
22646.85 9.598760e-01
22646.87 9.609910e-01
22650.74 9.609890e-01
22654.61 9.609870e-01
22658.47 9.609850e-01
22662.34 9.609830e-01
22666.21 9.609810e-01
22670.08 9.609790e-01
22673.95 9.609780e-01
22677.82 9.609760e-01
22681.69 9.609740e-01
22685.55 9.598570e-01
22689.40 9.587400e-01
22693.27 9.587390e-01
22697.14 9.587370e-01
22697.16 9.598520e-01
22701.03 9.598500e-01
22704.90 9.598480e-01
22708.77 9.598460e-01
22712.64 9.598440e-01
22716.49 9.587280e-01
22720.36 9.587260e-01
22724.23 9.587240e-01
22728.10 9.587220e-01
22728.11 9.598370e-01
22731.98 9.598350e-01
22735.84 9.587180e-01
22739.71 9.587160e-01
22743.58 9.587150e-01
22747.43 9.575980e-01
22751.30 9.575960e-01
22755.16 9.564790e-01
22759.03 9.564780e-01
22762.90 9.564760e-01
22766.77 9.564740e-01
22770.63 9.553570e-01
22770.64 9.564720e-01
22774.51 9.564700e-01
22778.38 9.564680e-01
22782.23 9.553520e-01
22782.25 9.564660e-01
22786.12 9.564650e-01
22789.99 9.564630e-01
22793.86 9.564610e-01
22797.73 9.564590e-01
22801.58 9.553420e-01
22805.44 9.542260e-01
22809.31 9.542240e-01
22813.15 9.519920e-01
22817.01 9.508760e-01
22820.85 9.486440e-01
22824.71 9.475280e-01
22828.55 9.452960e-01
22832.41 9.441800e-01
22832.42 9.452940e-01
22832.43 9.464090e-01
22836.24 9.408330e-01
22840.08 9.386020e-01
22843.93 9.363700e-01
22847.77 9.341390e-01
22851.61 9.319070e-01
22851.63 9.330220e-01
22851.64 9.341370e-01
22855.42 9.263310e-01
22859.26 9.241000e-01
22863.11 9.218680e-01
22866.92 9.174070e-01
22870.70 9.096010e-01
22874.51 9.040260e-01
22878.31 8.984500e-01
22882.12 8.928740e-01
22885.90 8.850680e-01
22889.69 8.783770e-01
22889.73 8.817220e-01
22889.75 8.839510e-01
22889.77 8.850660e-01
22893.38 8.627680e-01
22897.18 8.571920e-01
22900.97 8.505010e-01
22904.71 8.393510e-01
22908.45 8.282010e-01
22912.21 8.181660e-01
22915.92 8.047860e-01
22919.67 7.947510e-01
22923.44 7.858300e-01
22923.54 7.947490e-01
22923.60 7.992080e-01
22923.62 8.014380e-01
22923.63 8.025530e-01
22927.09 7.668770e-01
22930.86 7.579560e-01
22934.57 7.445770e-01
22938.27 7.300820e-01
22942.00 7.178170e-01
22945.62 6.966340e-01
22949.27 6.776800e-01
22952.96 6.620710e-01
22956.65 6.464610e-01
22956.75 6.553800e-01
22956.80 6.598390e-01
22956.83 6.620690e-01
22956.84 6.631830e-01
22956.85 6.642980e-01
22960.18 6.174740e-01
22963.95 6.085540e-01
22967.64 5.929440e-01
22971.34 5.784500e-01
22975.00 5.606110e-01
22978.70 5.461160e-01
22982.32 5.249330e-01
22986.13 5.193570e-01
22986.26 5.305050e-01
22986.32 5.360790e-01
22986.36 5.394240e-01
22986.37 5.405380e-01
22986.39 5.416530e-01
22989.66 4.903700e-01
22993.40 4.792200e-01
22997.01 4.569210e-01
23000.62 4.346230e-01
23004.31 4.190140e-01
23008.06 4.089780e-01
23008.18 4.190120e-01
23008.25 4.245860e-01
23008.27 4.268160e-01
23008.28 4.279300e-01
23008.30 4.290450e-01
23011.61 3.811060e-01
23015.47 3.799890e-01
23015.51 3.833340e-01
23015.53 3.855640e-01
23015.54 3.866780e-01
23015.73 4.022860e-01
23015.74 4.034010e-01
23015.75 4.045150e-01
23019.10 3.599210e-01
23022.91 3.543450e-01
23022.96 3.588040e-01
23022.99 3.610340e-01
23023.00 3.621490e-01
23026.56 3.353910e-01
23030.38 3.309300e-01
23030.44 3.365040e-01
23030.48 3.398480e-01
23030.49 3.409630e-01
23030.51 3.420780e-01
23034.03 3.119760e-01
23037.82 3.052850e-01
23037.89 3.119740e-01
23037.93 3.153190e-01
23037.95 3.164340e-01
23037.96 3.175480e-01
23041.44 2.841020e-01
23045.23 2.774110e-01
23045.30 2.829850e-01
23045.34 2.863300e-01
23045.35 2.874440e-01
23045.36 2.885590e-01
23045.39 2.907890e-01
23048.89 2.595720e-01
23052.71 2.551110e-01
23052.74 2.573410e-01
23052.75 2.584550e-01
23052.76 2.595700e-01
23056.39 2.383870e-01
23060.21 2.339260e-01
23063.96 2.238900e-01
23064.02 2.294650e-01
23064.06 2.328090e-01
23064.08 2.339240e-01
23064.09 2.350390e-01
23067.66 2.093960e-01
23071.48 2.049350e-01
23071.52 2.082790e-01
23071.53 2.093940e-01
23071.54 2.105090e-01
23075.18 1.904400e-01
23075.26 1.971290e-01
23075.28 1.993590e-01
23079.15 1.993570e-01
23079.18 2.015870e-01
23079.19 2.027020e-01
23082.69 1.703700e-01
23086.53 1.681380e-01
23086.54 1.692530e-01
23086.55 1.703680e-01
23090.26 1.558730e-01
23094.09 1.525270e-01
23094.14 1.569860e-01
23094.16 1.592160e-01
23094.18 1.603310e-01
23094.19 1.614460e-01
23097.84 1.424920e-01
23101.67 1.391460e-01
23101.70 1.413750e-01
23101.71 1.424900e-01
23101.72 1.436050e-01
23105.41 1.279960e-01
23105.46 1.324550e-01
23105.49 1.346840e-01
23105.50 1.357990e-01
23109.20 1.213050e-01
23113.05 1.190730e-01
23113.07 1.213030e-01
23113.09 1.224180e-01
23116.84 1.123830e-01
23120.68 1.101510e-01
23120.69 1.112660e-01
23120.71 1.123810e-01
23124.45 1.012310e-01
23128.30 1.001140e-01
23132.13 9.676760e-02
23135.95 9.230640e-02
23135.99 9.565090e-02
23136.00 9.676570e-02
23139.87 9.676390e-02
23143.56 8.115450e-02
23147.42 8.003790e-02
23147.43 8.115270e-02
23151.21 7.334710e-02
23155.08 7.334520e-02
23158.89 6.776930e-02
23162.74 6.665260e-02
23162.75 6.776740e-02
23162.77 6.888230e-02
23166.55 6.107670e-02
23170.39 5.884520e-02
23170.40 5.996000e-02
23170.42 6.107480e-02
23174.21 5.438400e-02
23178.06 5.326740e-02
23178.08 5.438220e-02
23181.90 4.992110e-02
23185.75 4.880440e-02
23189.61 4.768770e-02
23193.45 4.545620e-02
23193.46 4.657100e-02
23193.48 4.768590e-02
23197.30 4.322470e-02
23197.31 4.433960e-02
23201.13 3.987840e-02
23204.98 3.876170e-02
23208.84 3.764510e-02
23208.85 3.875990e-02
23212.68 3.541360e-02
23216.54 3.429690e-02
23220.40 3.318030e-02
23224.25 3.206360e-02
23224.27 3.317840e-02
23228.10 2.983210e-02
23231.95 2.871540e-02
23235.81 2.759880e-02
23235.82 2.871360e-02
23239.65 2.536730e-02
23243.52 2.536540e-02
23247.37 2.313390e-02
23251.24 2.313210e-02
23255.09 2.201540e-02
23258.96 2.201360e-02
23262.81 1.978210e-02
23266.68 1.978020e-02
23270.53 1.866360e-02
23274.40 1.866170e-02
23278.26 1.754500e-02
23282.13 1.754320e-02
23285.97 1.531170e-02
23289.84 1.530980e-02
23293.70 1.419320e-02
23297.57 1.419130e-02
23301.42 1.307470e-02
23305.28 1.195800e-02
23309.15 1.195610e-02
23313.02 1.195430e-02
23316.88 1.083760e-02
23320.74 1.083580e-02
23324.60 9.719100e-03
23328.47 9.717250e-03
23332.33 8.600580e-03
23336.20 8.598730e-03
23340.05 7.482060e-03
23343.92 7.480210e-03
23347.79 7.478360e-03
23351.65 6.361690e-03
23355.52 6.359840e-03
23359.39 6.357990e-03
23363.24 5.241320e-03
23367.11 5.239470e-03
23370.97 4.122800e-03
23374.84 4.120950e-03
23378.70 3.004280e-03
23382.57 3.002440e-03
23386.44 3.000590e-03
23390.31 2.998740e-03
23394.18 2.996890e-03
23398.04 2.995040e-03
23401.91 2.993190e-03
23405.78 2.991340e-03
23409.64 1.874670e-03
23413.51 1.872820e-03
23417.38 1.870980e-03
23421.25 1.869130e-03
23425.12 1.867280e-03
23428.99 1.865430e-03
23432.86 1.863580e-03
23436.73 1.861730e-03
23440.60 1.859880e-03
23444.47 1.858040e-03
23448.34 1.856190e-03
23452.21 1.854340e-03
23456.07 1.852490e-03
23459.94 1.850640e-03
23463.81 1.848790e-03
23467.67 7.321210e-04
23471.54 7.302730e-04
23475.41 7.284240e-04
23479.28 7.265750e-04
23483.15 7.247260e-04
23487.02 7.228770e-04
23490.89 7.210290e-04
23494.76 7.191800e-04
23498.63 7.173310e-04
23502.50 7.154820e-04
23506.37 7.136330e-04
23510.23 7.117850e-04
23514.10 7.099360e-04
23517.97 7.080870e-04
