# SVO FPS Paranal/VISTA.H; DetectorType 1 (0 energy, 1 photon counter); ZeroPoint 1015.5978854334 Jy (Pogson); lambda_eff 16347.740041298 A
# wavelength_A  transmission
14290.00 3.789767e-04
14300.00 6.209699e-04
14310.00 9.558999e-04
14320.00 4.376135e-04
14330.00 1.411100e-03
14340.00 9.667663e-04
14350.00 1.070491e-03
14360.00 1.211646e-03
14370.00 1.492521e-03
14380.00 1.359067e-03
14390.00 2.176432e-03
14400.00 2.152378e-03
14410.00 2.007046e-03
14420.00 1.898372e-03
14430.00 1.633363e-03
14440.00 2.276413e-03
14450.00 2.589834e-03
14460.00 2.226770e-03
14470.00 3.375258e-03
14480.00 3.391805e-03
14490.00 2.070844e-03
14500.00 3.237605e-03
14510.00 3.202791e-03
14520.00 3.886188e-03
14530.00 3.910109e-03
14540.00 3.419191e-03
14550.00 5.067020e-03
14560.00 5.534807e-03
14570.00 6.104592e-03
14580.00 6.225367e-03
14590.00 7.763732e-03
14600.00 7.299905e-03
14610.00 7.985516e-03
14620.00 8.344136e-03
14630.00 7.200631e-03
14640.00 9.256122e-03
14650.00 9.459398e-03
14660.00 1.073291e-02
14670.00 1.066217e-02
14680.00 1.358639e-02
14690.00 1.434981e-02
14700.00 1.451898e-02
14710.00 1.447066e-02
14720.00 1.734440e-02
14730.00 1.992423e-02
14740.00 2.432600e-02
14750.00 2.824977e-02
14760.00 2.762682e-02
14770.00 3.105522e-02
14780.00 3.278681e-02
14790.00 4.126883e-02
14800.00 4.157956e-02
14810.00 4.833804e-02
14820.00 5.299205e-02
14830.00 6.780922e-02
14840.00 7.386025e-02
14850.00 8.369620e-02
14860.00 9.151090e-02
14870.00 9.981916e-02
14880.00 1.165525e-01
14890.00 1.373157e-01
14900.00 1.526591e-01
14910.00 1.721479e-01
14920.00 1.923761e-01
14930.00 2.200700e-01
14940.00 2.474749e-01
14950.00 2.689200e-01
14960.00 2.976669e-01
14970.00 3.358699e-01
14980.00 3.716267e-01
14990.00 4.103467e-01
15000.00 4.478734e-01
15010.00 4.915203e-01
15020.00 5.221258e-01
15030.00 5.538509e-01
15040.00 5.811177e-01
15050.00 6.262428e-01
15060.00 6.671110e-01
15070.00 7.007931e-01
15080.00 7.198090e-01
15090.00 7.262575e-01
15100.00 7.695899e-01
15110.00 7.851018e-01
15120.00 7.935801e-01
15130.00 8.036163e-01
15140.00 8.102106e-01
15150.00 8.124900e-01
15160.00 8.149427e-01
15170.00 8.154621e-01
15180.00 8.105741e-01
15190.00 8.065976e-01
15200.00 8.095717e-01
15210.00 8.003126e-01
15220.00 7.939404e-01
15230.00 7.945048e-01
15240.00 7.848550e-01
15250.00 7.770757e-01
15260.00 7.778476e-01
15270.00 7.692160e-01
15280.00 7.653251e-01
15290.00 7.667588e-01
15300.00 7.598043e-01
15310.00 7.564105e-01
15320.00 7.614520e-01
15330.00 7.553998e-01
15340.00 7.525951e-01
15350.00 7.569015e-01
15360.00 7.535776e-01
15370.00 7.578074e-01
15380.00 7.655007e-01
15390.00 7.602601e-01
15400.00 7.654689e-01
15410.00 7.715238e-01
15420.00 7.705660e-01
15430.00 7.798286e-01
15440.00 7.841559e-01
15450.00 7.844872e-01
15460.00 7.946439e-01
15470.00 7.969468e-01
15480.00 7.982331e-01
15490.00 8.089112e-01
15500.00 8.090018e-01
15510.00 8.110691e-01
15520.00 8.201361e-01
15530.00 8.184304e-01
15540.00 8.228617e-01
15550.00 8.298632e-01
15560.00 8.263860e-01
15570.00 8.313155e-01
15580.00 8.359625e-01
15590.00 8.305623e-01
15600.00 8.381523e-01
15610.00 8.401605e-01
15620.00 8.344513e-01
15630.00 8.407263e-01
15640.00 8.378732e-01
15650.00 8.363661e-01
15660.00 8.420578e-01
15670.00 8.361186e-01
15680.00 8.345989e-01
15690.00 8.320125e-01
15700.00 8.141163e-01
15710.00 8.043407e-01
15720.00 7.956198e-01
15730.00 7.930184e-01
15740.00 8.091908e-01
15750.00 8.232101e-01
15760.00 8.192472e-01
15770.00 8.110299e-01
15780.00 8.032846e-01
15790.00 8.088371e-01
15800.00 8.127578e-01
15810.00 8.170611e-01
15820.00 8.272498e-01
15830.00 8.262273e-01
15840.00 8.319525e-01
15850.00 8.341423e-01
15860.00 8.316458e-01
15870.00 8.366664e-01
15880.00 8.323742e-01
15890.00 8.336714e-01
15900.00 8.348619e-01
15910.00 8.298620e-01
15920.00 8.366558e-01
15930.00 8.335270e-01
15940.00 8.308159e-01
15950.00 8.344254e-01
15960.00 8.284711e-01
15970.00 8.312622e-01
15980.00 8.286065e-01
15990.00 8.201701e-01
16000.00 8.138669e-01
16010.00 7.958202e-01
16020.00 7.881547e-01
16030.00 7.874780e-01
16040.00 7.920532e-01
16050.00 8.127318e-01
16060.00 8.135129e-01
16070.00 8.025031e-01
16080.00 7.973459e-01
16090.00 7.922790e-01
16100.00 7.985977e-01
16110.00 8.000173e-01
16120.00 8.076647e-01
16130.00 8.124398e-01
16140.00 8.134408e-01
16150.00 8.187010e-01
16160.00 8.149077e-01
16170.00 8.193081e-01
16180.00 8.189779e-01
16190.00 8.168616e-01
16200.00 8.206775e-01
16210.00 8.168041e-01
16220.00 8.206575e-01
16230.00 8.182532e-01
16240.00 8.199141e-01
16250.00 8.202881e-01
16260.00 8.179162e-01
16270.00 8.228426e-01
16280.00 8.177241e-01
16290.00 8.223878e-01
16300.00 8.203408e-01
16310.00 8.192921e-01
16320.00 8.229060e-01
16330.00 8.179262e-01
16340.00 8.247270e-01
16350.00 8.185573e-01
16360.00 8.217979e-01
16370.00 8.222819e-01
16380.00 8.157953e-01
16390.00 8.254791e-01
16400.00 8.125384e-01
16410.00 8.230445e-01
16420.00 8.221448e-01
16430.00 8.083606e-01
16440.00 8.251790e-01
16450.00 8.165524e-01
16460.00 8.207042e-01
16470.00 8.245808e-01
16480.00 8.163655e-01
16490.00 8.230765e-01
16500.00 8.246212e-01
16510.00 8.160691e-01
16520.00 8.271833e-01
16530.00 8.321343e-01
16540.00 8.197150e-01
16550.00 8.337517e-01
16560.00 8.295570e-01
16570.00 8.313652e-01
16580.00 8.378933e-01
16590.00 8.334852e-01
16600.00 8.405340e-01
16610.00 8.366001e-01
16620.00 8.409087e-01
16630.00 8.368722e-01
16640.00 8.429633e-01
16650.00 8.250380e-01
16660.00 7.993993e-01
16670.00 8.330845e-01
16680.00 8.405611e-01
16690.00 8.504116e-01
16700.00 8.433973e-01
16710.00 8.490556e-01
16720.00 8.462353e-01
16730.00 8.537519e-01
16740.00 8.478516e-01
16750.00 8.491989e-01
16760.00 8.568415e-01
16770.00 8.493888e-01
16780.00 8.537920e-01
16790.00 8.533940e-01
16800.00 8.603195e-01
16810.00 8.499790e-01
16820.00 8.603043e-01
16830.00 8.588646e-01
16840.00 8.482380e-01
16850.00 8.616069e-01
16860.00 8.583453e-01
16870.00 8.594742e-01
16880.00 8.569004e-01
16890.00 8.682491e-01
16900.00 8.564713e-01
16910.00 8.591478e-01
16920.00 8.576091e-01
16930.00 8.640949e-01
16940.00 8.580172e-01
16950.00 8.604932e-01
16960.00 8.646082e-01
16970.00 8.550447e-01
16980.00 8.634398e-01
16990.00 8.599782e-01
17000.00 8.629806e-01
17010.00 8.557322e-01
17020.00 8.636090e-01
17030.00 8.542751e-01
17040.00 8.634091e-01
17050.00 8.555893e-01
17060.00 8.606184e-01
17070.00 8.547252e-01
17080.00 8.560477e-01
17090.00 8.530399e-01
17100.00 8.593162e-01
17110.00 8.616766e-01
17120.00 8.612739e-01
17130.00 8.633454e-01
17140.00 8.524724e-01
17150.00 8.615249e-01
17160.00 8.555111e-01
17170.00 8.645725e-01
17180.00 8.591038e-01
17190.00 8.654304e-01
17200.00 8.580022e-01
17210.00 8.510217e-01
17220.00 8.519633e-01
17230.00 8.553095e-01
17240.00 8.484634e-01
17250.00 8.527388e-01
17260.00 8.551565e-01
17270.00 8.547518e-01
17280.00 8.555922e-01
17290.00 8.496146e-01
17300.00 8.577774e-01
17310.00 8.516924e-01
17320.00 8.351892e-01
17330.00 8.450767e-01
17340.00 8.553792e-01
17350.00 8.458710e-01
17360.00 8.426255e-01
17370.00 8.392238e-01
17380.00 8.517148e-01
17390.00 8.447528e-01
17400.00 8.392890e-01
17410.00 8.243684e-01
17420.00 8.362568e-01
17430.00 8.404121e-01
17440.00 8.330769e-01
17450.00 8.302526e-01
17460.00 8.311971e-01
17470.00 7.812942e-01
17480.00 8.289067e-01
17490.00 8.308409e-01
17500.00 8.338730e-01
17510.00 8.139876e-01
17520.00 8.126518e-01
17530.00 8.231910e-01
17540.00 8.244722e-01
17550.00 7.938077e-01
17560.00 8.140640e-01
17570.00 7.840536e-01
17580.00 8.055374e-01
17590.00 8.133851e-01
17600.00 8.121731e-01
17610.00 7.899690e-01
17620.00 7.989731e-01
17630.00 7.804637e-01
17640.00 7.979141e-01
17650.00 7.782770e-01
17660.00 6.804955e-01
17670.00 7.804015e-01
17680.00 7.805055e-01
17690.00 7.709571e-01
17700.00 7.570424e-01
17710.00 7.439036e-01
17720.00 7.567917e-01
17730.00 7.472428e-01
17740.00 7.047798e-01
17750.00 7.170672e-01
17760.00 6.781722e-01
17770.00 6.960964e-01
17780.00 6.757594e-01
17790.00 6.175372e-01
17800.00 6.635748e-01
17810.00 5.941947e-01
17820.00 6.122256e-01
17830.00 6.109624e-01
17840.00 5.600381e-01
17850.00 4.803692e-01
17860.00 5.109509e-01
17870.00 4.920312e-01
17880.00 4.966879e-01
17890.00 4.696295e-01
17900.00 4.439768e-01
17910.00 3.909978e-01
17920.00 3.796742e-01
17930.00 3.416105e-01
17940.00 3.056222e-01
17950.00 3.083516e-01
17960.00 2.835831e-01
17970.00 2.535033e-01
17980.00 2.445000e-01
17990.00 2.409305e-01
18000.00 1.706675e-01
18010.00 1.373765e-01
18020.00 1.421767e-01
18030.00 1.442813e-01
18040.00 1.398359e-01
18050.00 1.407638e-01
18060.00 8.417243e-02
18070.00 9.136627e-02
18080.00 9.866357e-02
18090.00 9.021244e-02
18100.00 8.240180e-02
18110.00 5.113794e-02
18120.00 5.648364e-02
18130.00 4.102603e-02
18140.00 6.224819e-02
18150.00 4.545773e-02
18160.00 3.249847e-02
18170.00 4.031748e-02
18180.00 3.926650e-02
18190.00 3.065422e-02
18200.00 1.930007e-02
18210.00 1.342403e-02
18220.00 1.341000e-02
18230.00 2.239063e-02
18240.00 2.822382e-02
18250.00 2.126403e-02
18260.00 1.126831e-02
18270.00 1.371285e-02
18280.00 1.277639e-02
18290.00 7.589695e-03
18300.00 8.649381e-03
18310.00 6.206183e-03
18320.00 9.261627e-03
18330.00 7.855676e-03
18340.00 9.032253e-03
18350.00 3.132300e-03
18360.00 2.349541e-03
18370.00 3.061375e-03
18380.00 1.656350e-03
18390.00 4.686127e-03
18400.00 1.333502e-03
18410.00 3.178851e-03
18420.00 6.287121e-04
18430.00 3.172820e-03
18440.00 3.672024e-03
18450.00 5.717853e-03
18460.00 3.857942e-03
18470.00 5.247543e-04
18480.00 3.250770e-04
18490.00 1.293563e-03
18500.00 2.316748e-03
18510.00 1.856337e-03
18520.00 3.183703e-03
18530.00 9.724891e-04
18540.00 4.895487e-04
18550.00 1.905487e-03
18560.00 2.026292e-03
18570.00 6.165534e-04
18580.00 1.248093e-03
18590.00 9.592190e-04
18600.00 2.287692e-04
18610.00 6.726420e-04
18620.00 1.579556e-03
18630.00 1.343001e-03
18640.00 8.735786e-04
18650.00 1.013598e-03
18660.00 1.651905e-03
