# SVO FPS Paranal/VISTA.Ks; DetectorType 1 (0 energy, 1 photon counter); ZeroPoint 659.09409621139 Jy (Pogson); lambda_eff 21435.422066736 A
# wavelength_A  transmission
19080.00 5.362192e-04
19090.00 8.422189e-04
19100.00 1.013952e-03
19110.00 7.157524e-04
19120.00 7.334346e-04
19130.00 3.675540e-04
19140.00 2.003223e-04
19150.00 1.080646e-03
19160.00 1.232512e-03
19170.00 1.399819e-03
19180.00 2.697950e-03
19190.00 2.295580e-03
19200.00 4.728516e-04
19210.00 7.624343e-04
19220.00 3.121977e-03
19230.00 2.829108e-03
19240.00 1.768318e-03
19250.00 4.114549e-03
19260.00 4.193022e-03
19270.00 2.232685e-03
19280.00 3.901800e-03
19290.00 4.555363e-03
19300.00 5.550104e-03
19310.00 3.672433e-03
19320.00 5.427624e-03
19330.00 6.392704e-03
19340.00 5.598700e-03
19350.00 8.054616e-03
19360.00 7.663382e-03
19370.00 7.857998e-03
19380.00 7.983148e-03
19390.00 8.678798e-03
19400.00 9.948443e-03
19410.00 1.090181e-02
19420.00 1.178645e-02
19430.00 1.303587e-02
19440.00 1.257955e-02
19450.00 1.243062e-02
19460.00 1.688775e-02
19470.00 1.703087e-02
19480.00 1.685430e-02
19490.00 1.835692e-02
19500.00 2.081642e-02
19510.00 2.186337e-02
19520.00 2.233369e-02
19530.00 2.029397e-02
19540.00 2.060574e-02
19550.00 2.058288e-02
19560.00 2.078877e-02
19570.00 2.292944e-02
19580.00 2.514407e-02
19590.00 2.716607e-02
19600.00 3.689548e-02
19610.00 4.262596e-02
19620.00 4.585710e-02
19630.00 4.263395e-02
19640.00 4.599408e-02
19650.00 5.002693e-02
19660.00 5.518333e-02
19670.00 6.304896e-02
19680.00 6.689453e-02
19690.00 7.554845e-02
19700.00 8.274752e-02
19710.00 8.985687e-02
19720.00 9.545614e-02
19730.00 1.117044e-01
19740.00 1.177522e-01
19750.00 1.325681e-01
19760.00 1.453920e-01
19770.00 1.616306e-01
19780.00 1.746133e-01
19790.00 1.865260e-01
19800.00 1.707831e-01
19810.00 2.092291e-01
19820.00 2.325202e-01
19830.00 2.433443e-01
19840.00 2.677271e-01
19850.00 2.728607e-01
19860.00 2.978695e-01
19870.00 2.905731e-01
19880.00 3.343320e-01
19890.00 3.632748e-01
19900.00 3.533559e-01
19910.00 3.943729e-01
19920.00 4.226194e-01
19930.00 4.446015e-01
19940.00 4.584588e-01
19950.00 4.747229e-01
19960.00 4.870324e-01
19970.00 4.741154e-01
19980.00 4.331962e-01
19990.00 4.153532e-01
20000.00 3.731724e-01
20010.00 3.395071e-01
20020.00 3.106784e-01
20030.00 2.812322e-01
20040.00 2.934106e-01
20050.00 2.861641e-01
20060.00 3.056475e-01
20070.00 3.724161e-01
20080.00 4.279718e-01
20090.00 5.359232e-01
20100.00 4.427465e-01
20110.00 4.015049e-01
20120.00 4.020692e-01
20130.00 4.024965e-01
20140.00 4.228615e-01
20150.00 4.372991e-01
20160.00 4.516188e-01
20170.00 4.741854e-01
20180.00 4.878876e-01
20190.00 5.262059e-01
20200.00 5.686962e-01
20210.00 5.837729e-01
20220.00 6.257138e-01
20230.00 6.506015e-01
20240.00 6.689480e-01
20250.00 7.043466e-01
20260.00 7.126799e-01
20270.00 7.370618e-01
20280.00 7.410402e-01
20290.00 7.425013e-01
20300.00 7.690589e-01
20310.00 7.607215e-01
20320.00 7.626086e-01
20330.00 7.677332e-01
20340.00 7.574828e-01
20350.00 7.693050e-01
20360.00 7.662983e-01
20370.00 7.572796e-01
20380.00 7.713771e-01
20390.00 7.575971e-01
20400.00 7.510174e-01
20410.00 7.568230e-01
20420.00 7.450916e-01
20430.00 7.596917e-01
20440.00 7.552105e-01
20450.00 7.558134e-01
20460.00 7.708544e-01
20470.00 7.410153e-01
20480.00 7.197461e-01
20490.00 6.948169e-01
20500.00 6.551097e-01
20510.00 6.428279e-01
20520.00 6.138204e-01
20530.00 5.967165e-01
20540.00 5.868951e-01
20550.00 5.762719e-01
20560.00 5.823765e-01
20570.00 5.957805e-01
20580.00 6.161454e-01
20590.00 6.662791e-01
20600.00 7.353249e-01
20610.00 7.056986e-01
20620.00 6.675968e-01
20630.00 6.380194e-01
20640.00 6.312696e-01
20650.00 6.396120e-01
20660.00 6.345367e-01
20670.00 6.512729e-01
20680.00 6.683283e-01
20690.00 6.730743e-01
20700.00 6.958957e-01
20710.00 7.078968e-01
20720.00 7.179336e-01
20730.00 7.415934e-01
20740.00 7.441182e-01
20750.00 7.552578e-01
20760.00 7.758866e-01
20770.00 7.766334e-01
20780.00 7.911258e-01
20790.00 8.094679e-01
20800.00 8.057812e-01
20810.00 8.157062e-01
20820.00 8.060192e-01
20830.00 7.996685e-01
20840.00 8.085312e-01
20850.00 7.977046e-01
20860.00 8.072945e-01
20870.00 8.181284e-01
20880.00 8.094843e-01
20890.00 8.176024e-01
20900.00 8.203179e-01
20910.00 8.159251e-01
20920.00 8.284355e-01
20930.00 8.269779e-01
20940.00 8.177804e-01
20950.00 8.369289e-01
20960.00 8.335169e-01
20970.00 8.301130e-01
20980.00 8.380726e-01
20990.00 8.239328e-01
21000.00 8.307054e-01
21010.00 8.374572e-01
21020.00 8.252471e-01
21030.00 8.385652e-01
21040.00 8.425173e-01
21050.00 8.320064e-01
21060.00 8.394307e-01
21070.00 8.387416e-01
21080.00 8.311218e-01
21090.00 8.435340e-01
21100.00 8.383295e-01
21110.00 8.313168e-01
21120.00 8.380589e-01
21130.00 8.357785e-01
21140.00 8.367808e-01
21150.00 8.446367e-01
21160.00 8.350501e-01
21170.00 8.385694e-01
21180.00 8.410359e-01
21190.00 8.270832e-01
21200.00 8.366967e-01
21210.00 8.437317e-01
21220.00 8.365903e-01
21230.00 8.441795e-01
21240.00 8.402171e-01
21250.00 8.337670e-01
21260.00 8.469503e-01
21270.00 8.420904e-01
21280.00 8.316934e-01
21290.00 8.486680e-01
21300.00 8.415878e-01
21310.00 8.387301e-01
21320.00 8.485024e-01
21330.00 8.421071e-01
21340.00 8.411589e-01
21350.00 8.512896e-01
21360.00 8.406608e-01
21370.00 8.408783e-01
21380.00 8.488362e-01
21390.00 8.420266e-01
21400.00 8.436916e-01
21410.00 8.483138e-01
21420.00 8.380866e-01
21430.00 8.393387e-01
21440.00 8.476079e-01
21450.00 8.381013e-01
21460.00 8.400085e-01
21470.00 8.488864e-01
21480.00 8.386225e-01
21490.00 8.401426e-01
21500.00 8.439495e-01
21510.00 8.302877e-01
21520.00 8.332449e-01
21530.00 8.396474e-01
21540.00 8.334233e-01
21550.00 8.377995e-01
21560.00 8.409603e-01
21570.00 8.343459e-01
21580.00 8.436773e-01
21590.00 8.415689e-01
21600.00 8.335535e-01
21610.00 8.344752e-01
21620.00 8.384594e-01
21630.00 8.264902e-01
21640.00 8.371509e-01
21650.00 8.431591e-01
21660.00 8.325495e-01
21670.00 8.348691e-01
21680.00 8.392969e-01
21690.00 8.303012e-01
21700.00 8.433899e-01
21710.00 8.442107e-01
21720.00 8.345035e-01
21730.00 8.351615e-01
21740.00 8.410561e-01
21750.00 8.337143e-01
21760.00 8.428411e-01
21770.00 8.454116e-01
21780.00 8.314953e-01
21790.00 8.357551e-01
21800.00 8.460859e-01
21810.00 8.398217e-01
21820.00 8.462710e-01
21830.00 8.385000e-01
21840.00 8.291562e-01
21850.00 8.329753e-01
21860.00 8.481214e-01
21870.00 8.402009e-01
21880.00 8.450398e-01
21890.00 8.529190e-01
21900.00 8.393429e-01
21910.00 8.466227e-01
21920.00 8.521161e-01
21930.00 8.445845e-01
21940.00 8.480635e-01
21950.00 8.428729e-01
21960.00 8.454722e-01
21970.00 8.483771e-01
21980.00 8.430197e-01
21990.00 8.286677e-01
22000.00 7.946937e-01
22010.00 8.303837e-01
22020.00 8.298409e-01
22030.00 8.374451e-01
22040.00 8.469173e-01
22050.00 8.294601e-01
22060.00 8.455924e-01
22070.00 8.531328e-01
22080.00 8.506780e-01
22090.00 8.500762e-01
22100.00 8.546512e-01
22110.00 8.456988e-01
22120.00 8.469710e-01
22130.00 8.578653e-01
22140.00 8.504829e-01
22150.00 8.452370e-01
22160.00 8.400513e-01
22170.00 8.432473e-01
22180.00 8.446616e-01
22190.00 8.481356e-01
22200.00 8.512626e-01
22210.00 8.337588e-01
22220.00 8.328306e-01
22230.00 8.492396e-01
22240.00 8.436546e-01
22250.00 8.413188e-01
22260.00 8.423802e-01
22270.00 8.264778e-01
22280.00 8.360754e-01
22290.00 8.456988e-01
22300.00 8.433258e-01
22310.00 8.319135e-01
22320.00 8.224073e-01
22330.00 8.295523e-01
22340.00 8.286029e-01
22350.00 8.361500e-01
22360.00 8.303317e-01
22370.00 8.248581e-01
22380.00 8.256039e-01
22390.00 8.367605e-01
22400.00 8.232780e-01
22410.00 8.213046e-01
22420.00 8.309470e-01
22430.00 8.276316e-01
22440.00 8.143251e-01
22450.00 8.328761e-01
22460.00 8.175896e-01
22470.00 8.035992e-01
22480.00 8.297689e-01
22490.00 8.283943e-01
22500.00 8.188024e-01
22510.00 8.242095e-01
22520.00 8.291825e-01
22530.00 8.205071e-01
22540.00 8.063284e-01
22550.00 8.243308e-01
22560.00 8.110680e-01
22570.00 8.023181e-01
22580.00 8.246872e-01
22590.00 8.276792e-01
22600.00 8.204393e-01
22610.00 8.018717e-01
22620.00 7.921420e-01
22630.00 8.246314e-01
22640.00 8.161746e-01
22650.00 8.126254e-01
22660.00 8.372558e-01
22670.00 8.352027e-01
22680.00 8.080885e-01
22690.00 7.993029e-01
22700.00 8.214613e-01
22710.00 8.274423e-01
22720.00 8.140500e-01
22730.00 8.190323e-01
22740.00 8.295561e-01
22750.00 7.939615e-01
22760.00 7.620021e-01
22770.00 7.931795e-01
22780.00 8.099505e-01
22790.00 8.104450e-01
22800.00 7.969254e-01
22810.00 7.632107e-01
22820.00 7.756654e-01
22830.00 7.157701e-01
22840.00 7.264004e-01
22850.00 7.299061e-01
22860.00 7.282649e-01
22870.00 7.167470e-01
22880.00 6.997026e-01
22890.00 6.716672e-01
22900.00 6.186655e-01
22910.00 6.403829e-01
22920.00 6.136604e-01
22930.00 5.958456e-01
22940.00 5.696675e-01
22950.00 5.368363e-01
22960.00 5.133846e-01
22970.00 5.141673e-01
22980.00 4.767423e-01
22990.00 4.456309e-01
23000.00 4.246528e-01
23010.00 4.100720e-01
23020.00 3.972668e-01
23030.00 3.731941e-01
23040.00 3.422043e-01
23050.00 3.280282e-01
23060.00 3.144792e-01
23070.00 2.938553e-01
23080.00 2.775897e-01
23090.00 2.661037e-01
23100.00 2.516532e-01
23110.00 2.391907e-01
23120.00 2.202842e-01
23130.00 2.090177e-01
23140.00 1.956681e-01
23150.00 1.817140e-01
23160.00 1.598733e-01
23170.00 1.298390e-01
23180.00 1.289285e-01
23190.00 1.302237e-01
23200.00 1.244766e-01
23210.00 1.180297e-01
23220.00 1.100737e-01
23230.00 1.039733e-01
23240.00 9.892516e-02
23250.00 9.207203e-02
23260.00 8.636165e-02
23270.00 8.294378e-02
23280.00 7.674102e-02
23290.00 7.038613e-02
23300.00 6.836231e-02
23310.00 6.270503e-02
23320.00 5.716609e-02
23330.00 5.538274e-02
23340.00 5.134057e-02
23350.00 4.718857e-02
23360.00 4.432698e-02
23370.00 4.272267e-02
23380.00 3.866364e-02
23390.00 3.582907e-02
23400.00 3.202443e-02
23410.00 3.148245e-02
23420.00 3.077061e-02
23430.00 2.955110e-02
23440.00 2.838119e-02
23450.00 2.646640e-02
23460.00 2.520561e-02
23470.00 2.369291e-02
23480.00 2.222421e-02
23490.00 2.188052e-02
23500.00 2.020729e-02
23510.00 1.838313e-02
23520.00 1.746428e-02
23530.00 1.643142e-02
23540.00 1.627286e-02
23550.00 1.558812e-02
23560.00 1.311276e-02
23570.00 1.336273e-02
23580.00 1.250058e-02
23590.00 1.150565e-02
23600.00 1.258674e-02
23610.00 1.186080e-02
23620.00 1.041762e-02
23630.00 9.991917e-03
23640.00 9.384244e-03
23650.00 9.133241e-03
23660.00 8.635252e-03
23670.00 8.368505e-03
23680.00 7.588756e-03
23690.00 7.410337e-03
23700.00 7.065574e-03
23710.00 5.883213e-03
23720.00 6.475224e-03
23730.00 7.086477e-03
23740.00 6.415808e-03
23750.00 5.017229e-03
23760.00 4.351287e-03
23770.00 4.000671e-03
23780.00 3.739280e-03
23790.00 3.884308e-03
23800.00 3.525752e-03
23810.00 3.048762e-03
23820.00 3.757373e-03
23830.00 3.777926e-03
23840.00 3.042448e-03
23850.00 3.317161e-03
23860.00 3.092519e-03
23870.00 3.185283e-03
23880.00 3.455548e-03
23890.00 4.038225e-03
23900.00 3.648435e-03
23910.00 2.829740e-03
23920.00 2.164178e-03
23930.00 2.038035e-03
23940.00 1.567181e-03
23950.00 1.551872e-03
23960.00 1.833716e-03
23970.00 1.513191e-03
23980.00 1.303292e-03
23990.00 1.267967e-03
24000.00 9.020551e-04
24010.00 2.456618e-03
24020.00 2.730861e-03
24030.00 1.618307e-03
24040.00 1.520463e-03
24050.00 1.921662e-03
24060.00 2.242547e-03
24070.00 2.076742e-03
24080.00 1.386844e-03
24090.00 1.654401e-03
24100.00 1.568808e-03
24110.00 1.304498e-03
24120.00 1.043991e-03
24130.00 6.744105e-04
24140.00 4.590148e-04
