# SVO FPS Paranal/VISTA.J; DetectorType 1 (0 energy, 1 photon counter); ZeroPoint 1533.4568782913 Jy (Pogson); lambda_eff 12481.040341623 A
# wavelength_A  transmission
11230.00 3.956655e-04
11240.00 8.208170e-04
11250.00 9.531087e-04
11260.00 9.758133e-04
11270.00 1.191676e-03
11280.00 1.174385e-03
11290.00 1.282260e-03
11300.00 1.356837e-03
11310.00 2.077115e-03
11320.00 2.548775e-03
11330.00 2.446255e-03
11340.00 2.081660e-03
11350.00 1.894832e-03
11360.00 2.744189e-03
11370.00 3.731604e-03
11380.00 4.177769e-03
11390.00 5.077712e-03
11400.00 5.779956e-03
11410.00 5.603848e-03
11420.00 5.855219e-03
11430.00 7.727383e-03
11440.00 8.381156e-03
11450.00 9.182402e-03
11460.00 1.025319e-02
11470.00 1.120707e-02
11480.00 1.441349e-02
11490.00 1.666501e-02
11500.00 1.845991e-02
11510.00 2.377152e-02
11520.00 2.698134e-02
11530.00 3.217456e-02
11540.00 3.852691e-02
11550.00 4.735816e-02
11560.00 5.468525e-02
11570.00 6.927732e-02
11580.00 8.037201e-02
11590.00 1.000784e-01
11600.00 1.203568e-01
11610.00 1.513209e-01
11620.00 1.814916e-01
11630.00 2.255864e-01
11640.00 2.674529e-01
11650.00 3.188500e-01
11660.00 3.697675e-01
11670.00 4.285491e-01
11680.00 4.860563e-01
11690.00 5.338223e-01
11700.00 5.813417e-01
11710.00 6.088778e-01
11720.00 6.382608e-01
11730.00 6.471756e-01
11740.00 6.470788e-01
11750.00 6.575371e-01
11760.00 6.607597e-01
11770.00 6.526646e-01
11780.00 6.378316e-01
11790.00 6.419341e-01
11800.00 6.349217e-01
11810.00 6.313853e-01
11820.00 6.080609e-01
11830.00 6.266476e-01
11840.00 6.209406e-01
11850.00 6.173169e-01
11860.00 6.266245e-01
11870.00 6.251958e-01
11880.00 6.156251e-01
11890.00 6.300072e-01
11900.00 6.380503e-01
11910.00 6.418170e-01
11920.00 6.483317e-01
11930.00 6.527407e-01
11940.00 6.584643e-01
11950.00 6.646037e-01
11960.00 6.704067e-01
11970.00 6.766918e-01
11980.00 6.801291e-01
11990.00 6.798589e-01
12000.00 6.921776e-01
12010.00 6.957228e-01
12020.00 6.991851e-01
12030.00 7.031021e-01
12040.00 6.909231e-01
12050.00 7.057764e-01
12060.00 7.166377e-01
12070.00 7.149640e-01
12080.00 7.175460e-01
12090.00 7.197588e-01
12100.00 7.243542e-01
12110.00 7.256166e-01
12120.00 7.260282e-01
12130.00 7.310185e-01
12140.00 7.303022e-01
12150.00 7.300070e-01
12160.00 7.335793e-01
12170.00 7.338061e-01
12180.00 7.341038e-01
12190.00 7.319160e-01
12200.00 7.355429e-01
12210.00 7.380750e-01
12220.00 7.364030e-01
12230.00 7.381700e-01
12240.00 7.399056e-01
12250.00 7.423910e-01
12260.00 7.438139e-01
12270.00 7.434824e-01
12280.00 7.468848e-01
12290.00 7.493980e-01
12300.00 7.519229e-01
12310.00 7.539952e-01
12320.00 7.553536e-01
12330.00 7.567242e-01
12340.00 7.594157e-01
12350.00 7.608021e-01
12360.00 7.621685e-01
12370.00 7.636893e-01
12380.00 7.655648e-01
12390.00 7.665926e-01
12400.00 7.675794e-01
12410.00 7.678815e-01
12420.00 7.684177e-01
12430.00 7.686778e-01
12440.00 7.688725e-01
12450.00 7.683442e-01
12460.00 7.678243e-01
12470.00 7.662479e-01
12480.00 7.644430e-01
12490.00 7.631044e-01
12500.00 7.614049e-01
12510.00 7.575711e-01
12520.00 7.553223e-01
12530.00 7.504298e-01
12540.00 7.445902e-01
12550.00 7.423962e-01
12560.00 7.341963e-01
12570.00 7.299000e-01
12580.00 7.255194e-01
12590.00 7.145662e-01
12600.00 7.132628e-01
12610.00 6.977549e-01
12620.00 6.910969e-01
12630.00 6.795208e-01
12640.00 6.670312e-01
12650.00 6.660962e-01
12660.00 6.552007e-01
12670.00 6.655706e-01
12680.00 6.360613e-01
12690.00 5.556679e-01
12700.00 6.502576e-01
12710.00 6.661113e-01
12720.00 6.635041e-01
12730.00 6.629792e-01
12740.00 6.634503e-01
12750.00 6.651328e-01
12760.00 6.659728e-01
12770.00 6.676606e-01
12780.00 6.675836e-01
12790.00 6.701614e-01
12800.00 6.706986e-01
12810.00 6.754077e-01
12820.00 6.795136e-01
12830.00 6.838655e-01
12840.00 6.881141e-01
12850.00 6.893596e-01
12860.00 6.915409e-01
12870.00 6.911403e-01
12880.00 6.917934e-01
12890.00 6.948101e-01
12900.00 7.001549e-01
12910.00 7.070538e-01
12920.00 7.133305e-01
12930.00 7.185811e-01
12940.00 7.224595e-01
12950.00 7.217365e-01
12960.00 7.206379e-01
12970.00 7.251343e-01
12980.00 7.319432e-01
12990.00 7.404041e-01
13000.00 7.452375e-01
13010.00 7.462969e-01
13020.00 7.510731e-01
13030.00 7.468781e-01
13040.00 7.416706e-01
13050.00 7.579934e-01
13060.00 7.648455e-01
13070.00 7.623020e-01
13080.00 7.657276e-01
13090.00 7.678746e-01
13100.00 7.518898e-01
13110.00 7.663850e-01
13120.00 7.718115e-01
13130.00 7.675459e-01
13140.00 7.643640e-01
13150.00 7.698087e-01
13160.00 7.696420e-01
13170.00 7.583383e-01
13180.00 7.615401e-01
13190.00 7.565433e-01
13200.00 7.471579e-01
13210.00 7.540411e-01
13220.00 7.490366e-01
13230.00 7.247520e-01
13240.00 7.170604e-01
13250.00 7.208845e-01
13260.00 7.124126e-01
13270.00 6.902619e-01
13280.00 6.644955e-01
13290.00 6.259894e-01
13300.00 6.212019e-01
13310.00 5.817096e-01
13320.00 5.502774e-01
13330.00 5.411001e-01
13340.00 5.053693e-01
13350.00 4.882074e-01
13360.00 4.375415e-01
13370.00 4.197447e-01
13380.00 3.888470e-01
13390.00 3.647021e-01
13400.00 3.219711e-01
13410.00 2.991376e-01
13420.00 2.793388e-01
13430.00 2.533225e-01
13440.00 2.036154e-01
13450.00 1.914375e-01
13460.00 1.675009e-01
13470.00 1.487448e-01
13480.00 1.001485e-01
13490.00 1.049143e-01
13500.00 8.736594e-02
13510.00 7.661456e-02
13520.00 6.369774e-02
13530.00 4.756597e-02
13540.00 4.074822e-02
13550.00 2.388231e-02
13560.00 2.832789e-02
13570.00 2.531437e-02
13580.00 1.949403e-02
13590.00 1.724232e-02
13600.00 1.379050e-02
13610.00 7.056209e-03
13620.00 2.814095e-03
13630.00 1.062639e-02
13640.00 9.683920e-03
13650.00 3.636050e-03
13660.00 9.387359e-03
13670.00 7.405812e-03
13680.00 3.003710e-03
13690.00 5.188474e-03
13700.00 4.703327e-03
13710.00 3.144568e-03
13720.00 4.203361e-03
13730.00 5.262072e-03
13740.00 5.276303e-03
13750.00 4.499489e-03
13760.00 4.377634e-03
13770.00 3.675439e-03
13780.00 4.790988e-03
13790.00 2.626557e-03
13800.00 2.401983e-03
13810.00 9.836622e-04
13820.00 1.148971e-03
13830.00 5.389396e-04
13840.00 1.182946e-03
13850.00 1.246765e-03
13860.00 1.955878e-03
13870.00 2.105865e-03
13880.00 6.207123e-04
13890.00 1.285781e-03
13900.00 1.161631e-03
13910.00 1.242842e-03
13920.00 7.272721e-04
13930.00 8.141390e-04
13940.00 9.475448e-04
13950.00 3.334894e-04
13960.00 2.284971e-04
13970.00 4.380461e-04
13980.00 6.450558e-04
13990.00 6.423168e-04
14000.00 3.129574e-04
14010.00 2.618376e-04
14020.00 7.153566e-04
14030.00 8.769518e-04
14040.00 6.550036e-04
14050.00 2.868578e-04
14060.00 4.891877e-04
14070.00 1.617503e-04
